#                                                                            --- full sequence --- -------------- this domain -------------   hmm coord   ali coord   env coord
# target name        accession   tlen query name           accession   qlen   E-value  score  bias   #  of  c-Evalue  i-Evalue  score  bias  from    to  from    to  from    to  acc description of target
#------------------- ---------- ----- -------------------- ---------- ----- --------- ------ ----- --- --- --------- --------- ------ ----- ----- ----- ----- ----- ----- ----- ---- ---------------------
WP_008479876.1@GCF_000297255.1 -           1438 TIGR01643            TIGR01643     42   1.6e-58  185.9  94.8   1   7   1.1e-09   5.8e-08   25.8   1.4     5    41   603   639   600   640 0.95 [Nitrolancea hollandica]
WP_008479876.1@GCF_000297255.1 -           1438 TIGR01643            TIGR01643     42   1.6e-58  185.9  94.8   2   7   1.3e-06   6.9e-05   16.1   0.1     5    27   666   688   664   690 0.92 [Nitrolancea hollandica]
WP_008479876.1@GCF_000297255.1 -           1438 TIGR01643            TIGR01643     42   1.6e-58  185.9  94.8   3   7   1.5e-08     8e-07   22.2   0.3    10    41   737   768   730   769 0.90 [Nitrolancea hollandica]
WP_008479876.1@GCF_000297255.1 -           1438 TIGR01643            TIGR01643     42   1.6e-58  185.9  94.8   4   7   7.2e-07   3.9e-05   16.9   0.3     7    33   821   847   819   854 0.93 [Nitrolancea hollandica]
WP_008479876.1@GCF_000297255.1 -           1438 TIGR01643            TIGR01643     42   1.6e-58  185.9  94.8   5   7   3.2e-10   1.7e-08   27.5   0.7     2    42   945   984   944   984 0.95 [Nitrolancea hollandica]
WP_008479876.1@GCF_000297255.1 -           1438 TIGR01643            TIGR01643     42   1.6e-58  185.9  94.8   6   7   1.2e-13   6.6e-12   38.3   0.8     1    41   964  1004   964  1005 0.93 [Nitrolancea hollandica]
WP_008479876.1@GCF_000297255.1 -           1438 TIGR01643            TIGR01643     42   1.6e-58  185.9  94.8   7   7     8e-08   4.3e-06   19.9   0.6     1    36  1027  1062  1027  1065 0.93 [Nitrolancea hollandica]
WP_238538535.1@GCF_000297255.1 -            181 TIGR03696            TIGR03696     76   3.1e-23   74.9   4.7   1   1   2.4e-23   8.6e-22   70.3   4.7     1    76    21   121    21   121 0.91 [Nitrolancea hollandica]
WP_008479858.1@GCF_000297255.1 -            292 TIGR03696            TIGR03696     76   2.7e-22   71.9   4.0   1   1   7.1e-23   2.6e-21   68.7   4.0     1    76   133   233   133   233 0.90 [Nitrolancea hollandica]
WP_008479876.1@GCF_000297255.1 -           1438 TIGR03696            TIGR03696     76   7.1e-20   64.1   3.5   1   1     2e-21   7.1e-20   64.1   3.5     1    76  1280  1380  1280  1380 0.91 [Nitrolancea hollandica]
WP_148183473.1@GCF_000008665.1      -            195 TIGR04449            TIGR04449     69   1.8e-18   60.1  28.5   1   1   2.5e-18   2.5e-18   59.6  28.5     1    69   128   195   128   195 0.99 [Archaeoglobus fulgidus]
WP_006092146.1@GCF_000383975.1      -            274 TIGR04449            TIGR04449     69   2.6e-18   59.6  20.7   1   1   4.5e-18   4.5e-18   58.8  20.7     1    69   206   274   206   274 1.00 [Natronorubrum tibetense]
WP_164731977.1@GCF_000023965.1      -            309 TIGR04449            TIGR04449     69   4.2e-18   58.9  20.7   1   1   4.2e-18   4.2e-18   58.9  20.7     1    69   237   309   237   309 0.96 [Halomicrobium mukohataei]
WP_007110057.1@GCF_000731985.1      -            283 TIGR04449            TIGR04449     69   1.1e-17   57.6  21.3   1   1   2.1e-17   2.1e-17   56.6  21.3     1    69   214   283   214   283 0.98 [Natrinema altunense] [MODIFIED]
WP_083864448.1@GCF_000337615.1      -            258 TIGR04449            TIGR04449     69   1.3e-17   57.4  18.9   1   1   1.3e-17   1.3e-17   57.4  18.9     1    69   189   258   189   258 0.92 [Natrinema pallidum]
OAQ51225.1@GCA_000690595.2          -            241 TIGR04449            TIGR04449     69   1.4e-17   57.3  19.2   1   1   1.4e-17   1.4e-17   57.3  19.2     1    69   172   241   172   241 0.92 [Natrinema mahii]
WP_008893279.1@GCF_000337495.1      -            248 TIGR04449            TIGR04449     69   1.7e-17   57.0  20.9   1   1   2.5e-17   2.5e-17   56.4  20.9     1    69   179   248   179   248 0.98 [Haloterrigena salina]
WP_174681857.1@GCF_013342145.1      -            248 TIGR04449            TIGR04449     69   1.7e-17   57.0  20.9   1   1   2.5e-17   2.5e-17   56.4  20.9     1    69   179   248   179   248 0.98 [Haloterrigena gelatinilytica]
WP_211338378.1@GCF_003977755.1      -            248 TIGR04449            TIGR04449     69   1.7e-17   56.9  20.9   1   1   2.5e-17   2.5e-17   56.4  20.9     1    69   179   248   179   248 0.98 [Haloterrigena salifodinae]
DARA01000066.1_3@GCA_002503135.1    -            180 TIGR04449            TIGR04449     69   2.9e-17   56.2  25.3   1   1   3.7e-17   3.7e-17   55.9  25.3     1    69   113   180   113   180 0.99 [UBA207 sp002503135]
ATMD01000005.1_21@GCA_001856825.1   -            206 TIGR04449            TIGR04449     69   1.9e-16   53.6  20.3   1   1     3e-16     3e-16   53.0  20.3     1    69   123   206   123   206 0.97 [GCA-001856825 sp001856825]
EQB64365.1@GCA_001856825.1          -            215 TIGR04449            TIGR04449     69   2.1e-16   53.4  20.3   1   1   3.3e-16   3.3e-16   52.8  20.3     1    69   132   215   132   215 0.97 [GCA-001856825 sp001856825]
WP_021792159.1@GCF_000011185.1      -            215 TIGR04449            TIGR04449     69   2.1e-16   53.4  20.3   1   1   3.3e-16   3.3e-16   52.8  20.3     1    69   132   215   132   215 0.97 [Thermoplasma volcanium]
WP_148690163.1@GCF_900083515.1      -            206 TIGR04449            TIGR04449     69   3.3e-16   52.9  19.5   1   1   5.4e-16   5.4e-16   52.2  19.5     1    69   123   206   123   206 0.97 [Cuniculiplasma divulgatum]
WP_241432498.1@GCF_000337175.1      -            114 TIGR04449            TIGR04449     69   6.5e-16   51.9  20.0   1   1   8.5e-16   8.5e-16   51.5  20.0     1    69    45   114    45   114 0.98 [Natrinema gari]
WP_161606962.1@GCF_000336935.1      -            281 TIGR04449            TIGR04449     69     9e-16   51.4  28.1   1   1     9e-16     9e-16   51.4  28.1     1    69   211   280   211   281 0.98 [Halococcus salifodinae]
WP_049926653.1@GCF_000455345.1      -            263 TIGR04449            TIGR04449     69   1.6e-15   50.6  21.0   1   1   2.9e-15   2.9e-15   49.8  21.0     1    69   194   263   194   263 0.90 [Halopiger A goleimassiliensis]
WP_008479858.1@GCF_000297255.1      -            292 TIGR04449            TIGR04449     69   2.3e-15   50.1  13.5   1   1   5.2e-15   5.2e-15   49.0  13.5     2    64   234   292   233   292 0.97 [Nitrolancea hollandica]
WP_008892994.1@GCF_000337495.1      -            277 TIGR04449            TIGR04449     69   4.1e-15   49.3  18.8   1   1   5.7e-15   5.7e-15   48.9  18.8     1    69   191   261   191   261 0.95 [Haloterrigena salina]
WP_095644465.1@GCF_002287235.1      -            182 TIGR04449            TIGR04449     69   4.4e-15   49.2  21.2   1   1   6.7e-15   6.7e-15   48.6  21.2     1    69   116   182   116   182 0.98 NZ_LMVP01000201.1_31@GCF_002287235.1 [Methanosarcina spelaei]
AEN07551.1@GCA_000224475.1          -            296 TIGR04449            TIGR04449     69     5e-15   49.1  19.8   1   1   8.6e-15   8.6e-15   48.3  19.8     1    69   225   295   225   295 0.98 [Halolamina sp000224475]
CP002989.1_262@GCA_000224475.1      -            296 TIGR04449            TIGR04449     69     5e-15   49.1  19.8   1   1   8.6e-15   8.6e-15   48.3  19.8     1    69   225   295   225   295 0.98 [Halolamina sp000224475]
WP_009762310.1@GCF_000230955.2      -            296 TIGR04449            TIGR04449     69     5e-15   49.1  19.8   1   1   8.6e-15   8.6e-15   48.3  19.8     1    69   225   295   225   295 0.98 [Halobacterium sp000230955]
WP_136361702.1@GCF_008124605.1      -            296 TIGR04449            TIGR04449     69     5e-15   49.1  19.3   1   1   7.3e-15   7.3e-15   48.5  19.3     1    69   210   280   210   280 0.95 [Halobacterium salinarum]
WP_083864503.1@GCF_000337615.1      -            264 TIGR04449            TIGR04449     69   5.6e-15   48.9  16.6   1   1   9.6e-15   9.6e-15   48.2  16.6     1    69   191   264   191   264 0.92 [Natrinema pallidum]
WP_238538535.1@GCF_000297255.1      -            181 TIGR04449            TIGR04449     69   6.9e-15   48.6  10.7   1   1   1.1e-14   1.1e-14   48.0  10.7     2    64   122   180   121   181 0.97 [Nitrolancea hollandica]
WP_015299281.1@GCF_000230735.2      -            294 TIGR04449            TIGR04449     69     7e-15   48.6  19.4   1   1     7e-15     7e-15   48.6  19.4     1    69   225   294   225   294 0.98 [Natrinema pellirubrum]
WP_081597641.1@GCF_000230735.2      -            270 TIGR04449            TIGR04449     69   9.6e-15   48.2  14.1   1   1   1.5e-14   1.5e-14   47.5  14.1     1    69   196   266   196   266 0.96 [Natrinema pellirubrum]
WP_015299009.1@GCF_000230735.2      -            264 TIGR04449            TIGR04449     69     1e-14   48.1  16.9   1   1   1.7e-14   1.7e-14   47.3  16.9     1    69   191   264   191   264 0.92 [Natrinema pellirubrum]
AOIR01000038.1_26@GCA_000337115.1   -            298 TIGR04449            TIGR04449     69   1.1e-14   48.0  14.1   1   1   1.8e-14   1.8e-14   47.3  14.1     1    69   224   294   224   294 0.96 [Natrinema thermotolerans]
WP_197427780.1@GCF_002355655.1      -            345 TIGR04449            TIGR04449     69   1.1e-14   47.9  19.8   1   1   1.1e-14   1.1e-14   47.9  19.8     1    69   274   344   274   344 0.98 NZ_AP017570.1_62@GCF_002355655.1 [Halorubrum trapanicum A]
WP_197427780.1@GCF_900115675.1      -            374 TIGR04449            TIGR04449     69   1.3e-14   47.8  19.8   1   1   1.3e-14   1.3e-14   47.8  19.8     1    69   303   373   303   373 0.98 [Halolamina pelagica]
SKSD01000001.1_94@GCA_007118145.1   -            273 TIGR04449            TIGR04449     69   1.5e-14   47.6  22.4   1   1   1.5e-14   1.5e-14   47.6  22.4     1    69   186   256   186   256 0.98 [SKSH01 sp007118145]
WP_143311560.1@GCF_900196725.1      -            223 TIGR04449            TIGR04449     69     2e-14   47.1  18.3   1   1     2e-14     2e-14   47.1  18.3     1    69   155   223   155   223 0.99 NZ_FZMP01000010.1_36@GCF_900196725.1 [Methanoperedens nitroreducens A]
WP_004975848.1@GCF_000336775.1      -            270 TIGR04449            TIGR04449     69   2.2e-14   47.0  23.1   1   1   3.1e-14   3.1e-14   46.5  23.1     1    69   200   270   200   270 0.97 WP_239639938.1@GCF_000336775.1 [Haloferax gibbonsii]
WP_004043226.1@GCF_000025685.1      -            305 TIGR04449            TIGR04449     69   2.8e-14   46.7  23.1   1   1   4.4e-14   4.4e-14   46.0  23.1     1    69   235   305   235   305 0.97 [Haloferax volcanii]
ELZ16389.1@GCA_000337115.1          -            273 TIGR04449            TIGR04449     69   3.9e-14   46.2  19.2   1   1   5.4e-14   5.4e-14   45.8  19.2     1    69   187   257   187   257 0.95 [Natrinema thermotolerans]
WP_206536420.1@GCF_000336955.1      -            310 TIGR04449            TIGR04449     69   5.4e-14   45.7  19.7   1   1   9.1e-14   9.1e-14   45.0  19.7     1    69   224   294   224   294 0.95 [Haloferax larsenii]
CP040678.1_2475@GCA_005954745.1     -            295 TIGR04449            TIGR04449     69     6e-14   45.6  18.3   1   1   9.9e-14   9.9e-14   44.9  18.3     1    68   226   294   226   295 0.90 [Halostella pelagica]
WP_010479029.1@GCF_000258515.1      -            329 TIGR04449            TIGR04449     69   7.6e-14   45.3  28.4   1   1   1.6e-13   1.6e-13   44.3  28.4     1    69   245   329   245   329 0.95 NZ_AJLF01000002.1_27@GCF_000258515.1 [Thermococcus zilligii]
WP_083870254.1@GCF_000337495.1      -            315 TIGR04449            TIGR04449     69   2.9e-13   43.4  19.6   1   1   4.9e-13   4.9e-13   42.7  19.6     1    69   228   298   228   298 0.95 [Haloterrigena salina]
WP_012943185.1@GCF_000025325.1      -            264 TIGR04449            TIGR04449     69   3.6e-13   43.1  16.2   1   1   3.6e-13   3.6e-13   43.1  16.2     1    69   191   264   191   264 0.92 [Haloterrigena turkmenica]
WP_052722646.1@GCF_000969965.1      -            267 TIGR04449            TIGR04449     69   4.6e-13   42.8  20.0   1   1   4.6e-13   4.6e-13   42.8  20.0     1    69   200   267   200   267 0.99 [Methanosarcina sp000969965]
WP_174682227.1@GCF_013342145.1      -            316 TIGR04449            TIGR04449     69   4.6e-13   42.8  19.5   1   1   7.5e-13   7.5e-13   42.1  19.5     1    69   229   299   229   299 0.95 [Haloterrigena gelatinilytica]
WP_250867346.1@GCF_023684405.1      -            235 TIGR04449            TIGR04449     69   5.2e-13   42.6  25.2   1   1   8.2e-13   8.2e-13   42.0  25.2     1    69   168   235   168   235 0.98 [Methanococcoides seepicolus]
WP_258083318.1@GCF_024707485.1      -            323 TIGR04449            TIGR04449     69   8.3e-13   41.9  26.7   1   1   1.7e-12   1.7e-12   41.0  26.7     1    69   248   321   248   321 0.95 NZ_CP102602.1_1598@GCF_024707485.1 [Thermococcus sp024707485]
WP_014788716.1@GCF_000265525.1      -            313 TIGR04449            TIGR04449     69   8.7e-13   41.9  26.5   1   1   1.4e-12   1.4e-12   41.3  26.5     1    69   240   313   240   313 0.82 [Thermococcus cleftensis]
DAJC01000023.1_20@GCA_002498845.1   -            203 TIGR04449            TIGR04449     69   1.5e-12   41.1  20.9   1   1   1.5e-12   1.5e-12   41.1  20.9     1    69   123   202   123   202 0.94 [UBA509 sp002498845]
WP_008479876.1@GCF_000297255.1      -           1438 TIGR04449            TIGR04449     69   4.2e-12   39.7   5.0   1   1   4.2e-12   4.2e-12   39.7   5.0     2    64  1381  1438  1380  1438 0.96 [Nitrolancea hollandica]
WAKV01000040.1_2@GCA_015523185.1    -            312 TIGR04449            TIGR04449     69   4.4e-12   39.6  24.6   1   1   7.1e-12   7.1e-12   39.0  24.6     1    69   239   312   239   312 0.82 [Thermococcus sp015523185]
WP_157224598.1@GCF_000328685.1      -            264 TIGR04449            TIGR04449     69   5.3e-12   39.4  19.7   1   1     8e-12     8e-12   38.8  19.7     1    69   193   263   193   263 0.98 [Natronococcus occultus]
MCS7131040.1@GCA_025058955.1        -             89 TIGR04449            TIGR04449     69   6.6e-12   39.1  20.3   1   1   7.7e-12   7.7e-12   38.9  20.3     1    69    19    89    19    89 0.97 [WYZ-LMO2 sp025058955]
WP_163522828.1@GCF_010747475.1      -            212 TIGR04449            TIGR04449     69   1.4e-11   38.0  18.2   1   1   2.2e-11   2.2e-11   37.4  18.2     1    69   144   211   144   211 0.93 NZ_VSLZ01000004.1_181@GCF_010747475.1 [Halorussus sp010747475]
WP_166035560.1@GCF_004087835.1      -            288 TIGR04449            TIGR04449     69   2.1e-11   37.5  21.0   1   1   3.7e-11   3.7e-11   36.7  21.0     1    67   201   267   201   271 0.94 NZ_CP035119.1_2349@GCF_004087835.1 [Halorussus pelagicus]
WP_175459731.1@GCF_900108095.1      -            289 TIGR04449            TIGR04449     69   3.5e-11   36.7  21.9   1   1   6.4e-11   6.4e-11   35.9  21.9     1    66   199   264   199   269 0.93 [Natronorubrum sediminis]
CP100465.1_75@GCA_024227995.1       -            247 TIGR04449            TIGR04449     69   4.3e-11   36.5  21.8   1   1   4.3e-11   4.3e-11   36.5  21.8     1    69   179   246   179   246 0.95 [Haladaptatus sp024227995]
WP_231186491.1@GCF_021083305.1      -            285 TIGR04449            TIGR04449     69   5.8e-11   36.0  17.6   1   1   9.7e-11   9.7e-11   35.3  17.6     1    67   214   281   214   285 0.88 [Haladaptatus sp021083305]
WP_211655516.1@GCF_018283455.1      -            257 TIGR04449            TIGR04449     69   8.9e-11   35.4  16.0   1   1   1.5e-10   1.5e-10   34.7  16.0     2    64   200   257   199   257 0.95 NZ_JAAMTH010000001.1_3313@GCF_018283455.1 [Planococcus sp018283455]
WP_135852295.1@GCF_004765815.2      -            287 TIGR04449            TIGR04449     69   9.4e-11   35.4  24.4   1   1   1.7e-10   1.7e-10   34.5  24.4     1    69   219   287   219   287 0.97 [Halorussus salinus]
MCS7130230.1@GCA_025058955.1        -            263 TIGR04449            TIGR04449     69   9.7e-11   35.3  17.0   1   1   1.4e-10   1.4e-10   34.8  17.0     1    69   193   262   193   262 0.95 [WYZ-LMO2 sp025058955]
NOK57773.1@GCA_013122435.1          -            117 TIGR04449            TIGR04449     69   1.3e-10   34.9  19.9   1   1   1.8e-10   1.8e-10   34.5  19.9     3    64    61   117    59   117 0.95 [AL-N1 sp013122435]
WP_253478286.1@GCF_024138125.1      -            289 TIGR04449            TIGR04449     69   1.9e-10   34.4  19.7   1   1   1.9e-10   1.9e-10   34.4  19.7     1    67   203   269   203   273 0.92 [Halorussus sp024138125]
WP_110516892.1@GCF_003226345.1      -            262 TIGR04449            TIGR04449     69     2e-10   34.3  15.6   1   1   2.8e-10   2.8e-10   33.8  15.6     2    64   205   262   204   262 0.96 [Alteribacter lacisalsi]
WP_103370993.1@GCF_002902305.1      -            244 TIGR04449            TIGR04449     69   2.1e-10   34.2  14.8   1   1   3.2e-10   3.2e-10   33.7  14.8     3    64   188   244   187   244 0.95 NZ_PPPX01000001.1_513@GCF_002902305.1 [Staphylococcus argensis]
NZ_PPQH01000083.1_2@GCF_002902385.1 -            227 TIGR04449            TIGR04449     69   3.1e-10   33.7  15.9   1   1   4.3e-10   4.3e-10   33.3  15.9     4    64   172   227   170   227 0.95 [Staphylococcus intermedius]
NZ_LR134263.1_321@GCF_900636325.1   -            121 TIGR04449            TIGR04449     69   3.2e-10   33.7  15.5   1   1   4.1e-10   4.1e-10   33.3  15.5     4    64    66   121    64   121 0.94 [Staphylococcus delphini]
WP_248907559.1@GCF_023276375.1      -            281 TIGR04449            TIGR04449     69   3.3e-10   33.6  12.8   1   1   5.4e-10   5.4e-10   32.9  12.8     1    69   211   281   211   281 0.83 [Halocatena sp023276375]
WP_202935063.1@GCF_004143485.2      -            289 TIGR04449            TIGR04449     69   3.3e-10   33.6  20.6   1   1   3.3e-10   3.3e-10   33.6  20.6     1    67   203   269   203   273 0.93 [Halorussus amylolyticus]
WP_202932656.1@GCF_004765815.2      -            288 TIGR04449            TIGR04449     69   3.4e-10   33.6  22.0   1   1   3.4e-10   3.4e-10   33.6  22.0     1    69   203   272   203   272 0.92 [Halorussus salinus]
WP_002456424.1@GCF_006742205.1      -            244 TIGR04449            TIGR04449     69   3.5e-10   33.5  14.7   1   1   6.1e-10   6.1e-10   32.8  14.7     4    64   189   244   187   244 0.95 [Staphylococcus epidermidis]
WP_124193256.1@GCF_003841465.1      -            279 TIGR04449            TIGR04449     69   3.7e-10   33.5  10.4   1   1   6.1e-10   6.1e-10   32.8  10.4     3    66   211   275   209   277 0.94 [Natrarchaeobius chitinivorans A]
WP_058381518.1@GCF_001465795.2      -            261 TIGR04449            TIGR04449     69     4e-10   33.3  15.5   1   1   6.4e-10   6.4e-10   32.7  15.5     2    64   204   261   203   261 0.94 NZ_CP013659.2_504@GCF_001465795.2 [Planococcus rifietoensis]
WP_211653467.1@GCF_018283455.1      -            261 TIGR04449            TIGR04449     69     4e-10   33.3  15.5   1   1   6.4e-10   6.4e-10   32.7  15.5     2    64   204   261   203   261 0.94 NZ_JAAMTH010000001.1_858@GCF_018283455.1 [Planococcus sp018283455]
WP_103159623.1@GCF_002901945.1      -            244 TIGR04449            TIGR04449     69   4.3e-10   33.2  15.5   1   1   6.5e-10   6.5e-10   32.7  15.5     4    64   189   244   187   244 0.95 [Staphylococcus chromogenes]
WP_082233103.1@GCF_900166625.1      -            261 TIGR04449            TIGR04449     69   6.8e-10   32.6  16.5   1   1   1.1e-09   1.1e-09   31.9  16.5     2    64   204   261   203   261 0.94 [Halobacillus A massiliensis]
WP_008634360.1@GCF_000469135.2      -            262 TIGR04449            TIGR04449     69   7.7e-10   32.4  16.5   1   1   1.3e-09   1.3e-09   31.8  16.5     2    64   205   262   204   262 0.94 [Halobacillus sp001592845]
WP_228090750.1@GCF_019710475.1      -            246 TIGR04449            TIGR04449     69     1e-09   32.0  20.1   1   1     1e-09     1e-09   32.0  20.1     3    64   190   246   189   246 0.95 [Glycomyces sp019710475]
WP_208023473.1@GCF_004087835.1      -            288 TIGR04449            TIGR04449     69   1.1e-09   32.0  21.8   1   1   1.1e-09   1.1e-09   32.0  21.8     1    69   203   272   203   272 0.92 NZ_CP035119.1_1595@GCF_004087835.1 [Halorussus pelagicus]
WP_226039787.1@GCF_020405225.1      -            288 TIGR04449            TIGR04449     69   1.1e-09   31.9  24.3   1   1   1.8e-09   1.8e-09   31.2  24.3     1    69   218   288   218   288 0.94 NZ_CP084472.1_3305@GCF_020405225.1 [Natrinema sp020405225]
WP_035542916.1@GCF_000786645.1      -            198 TIGR04449            TIGR04449     69   1.4e-09   31.6  16.5   1   1     2e-09     2e-09   31.1  16.5     3    64   142   198   140   198 0.95 NZ_JRNX01000089.1_3@GCF_000786645.1 [Halobacillus sp000786645]
WP_137685344.1@GCF_005406125.1      -            249 TIGR04449            TIGR04449     69   1.6e-09   31.5  15.5   1   1   2.3e-09   2.3e-09   30.9  15.5     1    69   180   247   180   247 0.95 NZ_BIXZ01000012.1_61@GCF_005406125.1 [Haloarcula mannanilytica]
WP_098354128.1@GCF_002561455.1      -            257 TIGR04449            TIGR04449     69   1.7e-09   31.3  15.0   1   1   2.6e-09   2.6e-09   30.8  15.0     2    64   200   257   199   257 0.95 NZ_NTUP01000066.1_457@GCF_002561455.1 [Rossellomorea sp002561455]
WP_048057428.1@GCF_000204925.1      -            122 TIGR04449            TIGR04449     69     2e-09   31.1  13.1   1   1   2.9e-09   2.9e-09   30.6  13.1     1    60    28   102    28   105 0.89 [Metallosphaera cuprina]
WP_179261808.1@GCF_013402815.2      -            286 TIGR04449            TIGR04449     69   2.7e-09   30.7  23.5   1   1   4.6e-09   4.6e-09   30.0  23.5     1    69   216   286   216   286 0.94 NZ_CP058601.1_2884@GCF_013402815.2 [Natrinema halophilum]
WP_079979488.1@GCF_004799665.1      -            277 TIGR04449            TIGR04449     69     3e-09   30.6  18.9   1   1   4.6e-09   4.6e-09   29.9  18.9     1    69   206   277   206   277 0.92 [Halapricum salinum]
WP_234299077.1@GCF_021431925.1      -            312 TIGR04449            TIGR04449     69     3e-09   30.5  20.6   1   1   6.6e-09   6.6e-09   29.4  20.6     1    69   239   312   239   312 0.85 [Halobaculum sp021431925]
CALUAK010000087.1_2@GCA_943914015.1 -            122 TIGR04449            TIGR04449     69   3.1e-09   30.5   6.4   1   1   4.6e-09   4.6e-09   30.0   6.4     3    66    63   120    62   121 0.91 [Corynebacterium sp943914015]
WP_201822017.1@GCF_016728505.1      -            254 TIGR04449            TIGR04449     69   3.2e-09   30.5  13.0   1   1   3.2e-09   3.2e-09   30.5  13.0     2    65   194   251   193   253 0.88 NZ_CP068159.1_483@GCF_016728505.1 [Corynebacterium riegelii]
WP_082837828.1@GCF_001625445.1      -            266 TIGR04449            TIGR04449     69   3.7e-09   30.3  21.7   1   1   6.6e-09   6.6e-09   29.4  21.7     1    69   197   266   197   266 0.87 [Haladaptatus sp001625445]
WP_016202224.1@GCF_012933555.1      -            142 TIGR04449            TIGR04449     69   4.1e-09   30.1  11.1   1   1   6.3e-09   6.3e-09   29.5  11.1     2    65    75   137    74   139 0.88 [Niallia alba]
WP_135854137.1@GCF_004765815.2      -            680 TIGR04449            TIGR04449     69   5.4e-09   29.7  12.5   1   1   1.2e-08   1.2e-08   28.6  12.5     1    69   615   680   615   680 0.95 [Halorussus salinus]
WP_195156013.1@GCF_000334895.1      -            227 TIGR04449            TIGR04449     69   1.2e-08   28.6  17.0   1   1   2.4e-08   2.4e-08   27.7  17.0     1    69   160   227   160   227 0.85 [Halococcus agarilyticus]
WP_091710089.1@GCF_900100715.1      -            276 TIGR04449            TIGR04449     69   1.3e-08   28.5  12.4   1   1   1.3e-08   1.3e-08   28.5  12.4     1    69   209   276   209   276 0.98 NZ_FNCA01000005.1_84@GCF_900100715.1 [Methanolobus vulcani]
WP_135825305.1@GCF_004765785.1      -            681 TIGR04449            TIGR04449     69   2.4e-08   27.6  13.1   1   1   4.7e-08   4.7e-08   26.7  13.1     1    69   616   681   616   681 0.95 [Halorussus ruber]
MCK4529253.1@GCA_023131835.1        -            279 TIGR04449            TIGR04449     69   2.7e-08   27.5  25.0   1   1   2.7e-08   2.7e-08   27.5  25.0     1    69   209   279   209   279 0.90 [JAGLZA01 sp023131835]
WP_139025500.1@GCF_000376445.1      -            287 TIGR04449            TIGR04449     69   5.9e-08   26.4  22.8   1   1   9.8e-08   9.8e-08   25.7  22.8     1    66   208   277   208   279 0.79 [Haladaptatus paucihalophilus]
WP_220584321.1@GCF_019599545.1      -            259 TIGR04449            TIGR04449     69   5.9e-08   26.4  16.7   1   1   9.1e-08   9.1e-08   25.8  16.7     2    64   202   259   201   259 0.94 NZ_JAIEZV010000002.1_369@GCF_019599545.1 [Halobacillus sp019599545]
WP_161958287.1@GCF_003430825.1      -            162 TIGR04449            TIGR04449     69   6.5e-08   26.3  20.0   1   1   8.8e-08   8.8e-08   25.9  20.0     1    69    89   162    89   162 0.86 [Natrarchaeobaculum sulfurireducens]
WP_136361253.1@GCF_008124605.1      -            242 TIGR04449            TIGR04449     69   6.8e-08   26.2  20.6   1   1   9.3e-08   9.3e-08   25.8  20.6     1    69   155   226   155   226 0.89 WP_244289023.1@GCF_008124605.1 [Halobacterium salinarum]
WP_212922126.1@GCF_018333235.1      -            124 TIGR04449            TIGR04449     69   6.9e-08   26.2  18.3   1   1   9.9e-08   9.9e-08   25.7  18.3     4    64    69   124    67   124 0.95 [Paucisalibacillus bavariensis]
WP_091587091.1@GCF_002886255.1      -            265 TIGR04449            TIGR04449     69     1e-07   25.7  18.1   1   1   1.6e-07   1.6e-07   25.0  18.1     3    63   210   265   208   265 0.95 [Alteribacillus bidgolensis]
WP_179261544.1@GCF_013402815.2      -            296 TIGR04449            TIGR04449     69   1.1e-07   25.5  13.9   1   1   2.4e-07   2.4e-07   24.5  13.9     3    65   225   290   219   292 0.89 NZ_CP058601.1_2716@GCF_013402815.2 [Natrinema halophilum]
WP_135663906.1@GCF_900880625.1      -            114 TIGR04449            TIGR04449     69   1.4e-07   25.2  20.6   1   1   1.8e-07   1.8e-07   24.9  20.6     1    69    40   110    40   110 0.92 [Halorhabdus rudnickae]
WP_153552385.1@GCF_009617995.1      -            265 TIGR04449            TIGR04449     69   1.4e-07   25.2  15.2   1   1   2.4e-07   2.4e-07   24.4  15.2     1    69   199   265   199   265 0.89 [Halomicrobium sp009617995]
WP_012945653.1@GCF_000025325.1      -            314 TIGR04449            TIGR04449     69   1.6e-07   25.0  10.6   1   1   1.6e-07   1.6e-07   25.0  10.6     2    67   245   311   244   312 0.92 [Haloterrigena turkmenica]
WP_015298689.1@GCF_000230735.2      -            273 TIGR04449            TIGR04449     69   1.6e-07   25.0  12.6   1   1   1.6e-07   1.6e-07   25.0  12.6     2    65   204   270   203   272 0.91 [Natrinema pellirubrum]
WP_149453579.1@GCF_900538055.1      -            313 TIGR04449            TIGR04449     69   1.8e-07   24.9  18.6   1   1   2.5e-07   2.5e-07   24.4  18.6     1    69   243   312   243   312 0.91 [Pasteuria penetrans]
PWKY01000076.1_62@GCA_003560595.1   -            153 TIGR04449            TIGR04449     69   3.2e-07   24.0  11.6   1   1   3.2e-07   3.2e-07   24.0  11.6     4    64    98   153    96   153 0.88 [PWKY01 sp003560595]
#
# Program:         hmmsearch
# Version:         3.3.2 (Nov 2020)
# Pipeline mode:   SEARCH
# Query file:      /Users/rs1521/workspace/data/TIGR/TIGR.hmm
# Target file:     sequences/HalC8_GTDB_r214_hits.fasta
# Option settings: hmmsearch -o /dev/null --domtblout sequences/tigr.domtblout.txt --cut_ga --cpu 4 /Users/rs1521/workspace/data/TIGR/TIGR.hmm sequences/HalC8_GTDB_r214_hits.fasta 
# Current dir:     /Users/rs1521/Documents/STAPHC8
# Date:            Fri Sep 12 14:13:21 2025
# [ok]
