#                                                                                   --- full sequence ---- --- best 1 domain ---- --- domain number estimation ----
# target name                  accession  query name                     accession    E-value  score  bias   E-value  score  bias   exp reg clu  ov env dom rep inc description of target
#          ------------------- ----------           -------------------- ---------- --------- ------ ----- --------- ------ -----   --- --- --- --- --- --- --- --- ---------------------
WP_007110048.1@GCF_000731985.1 -          WP_007110048.1@GCF_000731985.1 -           1.3e-108  353.5  10.9  1.4e-108  353.4  10.9   1.0   1   0   0   1   1   1   1 -
WP_008456167.1@GCF_000337175.1 -          WP_007110048.1@GCF_000731985.1 -            1.1e-93  305.0   8.5   1.2e-93  304.8   8.5   1.0   1   0   0   1   1   1   1 -
WP_006183091.1@GCF_000230735.2 -          WP_007110048.1@GCF_000731985.1 -            1.1e-82  269.2   9.6   1.2e-82  269.0   9.6   1.0   1   0   0   1   1   1   1 -
WP_007110049.1@GCF_000731985.1 -          WP_007110049.1@GCF_000731985.1 -            1.1e-90  294.0   9.1   1.2e-90  293.9   9.1   1.0   1   0   0   1   1   1   1 -
WP_008456168.1@GCF_000337175.1 -          WP_007110049.1@GCF_000731985.1 -            2.8e-63  205.5  14.3   3.9e-62  201.7  14.3   1.9   1   1   0   1   1   1   1 -
WP_006183090.1@GCF_000230735.2 -          WP_007110049.1@GCF_000731985.1 -              1e-41  135.7  10.8   1.1e-41  135.6  10.8   1.0   1   0   0   1   1   1   1 -
WP_007110050.1@GCF_000731985.1 -          WP_007110050.1@GCF_000731985.1 -                  0 1336.0  30.8         0 1335.8  30.8   1.0   1   0   0   1   1   1   1 -
WP_014862879.1@GCF_000337175.1 -          WP_007110050.1@GCF_000731985.1 -                  0 1293.3  31.2         0 1293.1  31.2   1.0   1   0   0   1   1   1   1 -
WP_172637306.1@GCF_000230735.2 -          WP_007110050.1@GCF_000731985.1 -                  0 1191.8  32.0         0 1191.7  32.0   1.0   1   0   0   1   1   1   1 -
WP_110516904.1@GCF_003226345.1 -          WP_007110050.1@GCF_000731985.1 -            9.8e-15   47.7  26.6   2.2e-11   36.6   8.8   3.1   2   1   1   3   3   3   3 -
WP_007110051.1@GCF_000731985.1 -          WP_007110051.1@GCF_000731985.1 -            2.1e-31  100.4  22.2   2.3e-31  100.3  22.2   1.0   1   0   0   1   1   1   1 -
WP_006183088.1@GCF_000230735.2 -          WP_007110051.1@GCF_000731985.1 -            1.1e-16   54.3  16.1   1.4e-16   54.1  16.1   1.2   1   0   0   1   1   1   1 -
WP_007110052.1@GCF_000731985.1 -          WP_007110052.1@GCF_000731985.1 -            1.7e-67  217.6   2.1   1.9e-67  217.5   2.1   1.0   1   0   0   1   1   1   1 -
WP_008456173.1@GCF_000337175.1 -          WP_007110052.1@GCF_000731985.1 -              5e-54  174.5   0.8   5.9e-54  174.2   0.8   1.1   1   0   0   1   1   1   1 -
WP_006183087.1@GCF_000230735.2 -          WP_007110052.1@GCF_000731985.1 -            1.9e-44  143.8   1.7   2.1e-44  143.6   1.7   1.0   1   0   0   1   1   1   1 -
WP_007110053.1@GCF_000731985.1    -          WP_007110053.1@GCF_000731985.1 -           1.3e-234  771.1  10.8  1.5e-234  771.0  10.8   1.0   1   0   0   1   1   1   1 -
WP_008456175.1@GCF_000337175.1    -          WP_007110053.1@GCF_000731985.1 -           2.4e-220  724.3   9.2  2.6e-220  724.2   9.2   1.0   1   0   0   1   1   1   1 -
WP_006183086.1@GCF_000230735.2    -          WP_007110053.1@GCF_000731985.1 -           2.2e-176  579.7   9.0  2.5e-176  579.6   9.0   1.0   1   0   0   1   1   1   1 -
WP_006183075.1@GCF_000230735.2    -          WP_007110053.1@GCF_000731985.1 -            4.8e-34  111.8   4.7   5.7e-34  111.5   4.7   1.0   1   0   0   1   1   1   1 -
WP_008456194.1@GCF_000337175.1    -          WP_007110053.1@GCF_000731985.1 -            3.6e-31  102.3   5.2   4.3e-31  102.1   5.2   1.1   1   0   0   1   1   1   1 -
WP_007110064.1@GCF_000731985.1    -          WP_007110053.1@GCF_000731985.1 -            6.3e-31  101.5   5.1   7.6e-31  101.3   5.1   1.1   1   0   0   1   1   1   1 -
WP_007110066.1@GCF_000731985.1    -          WP_007110053.1@GCF_000731985.1 -            7.1e-27   88.2   2.8   7.1e-27   88.2   2.8   1.5   1   1   0   1   1   1   1 -
WP_008456196.1@GCF_000337175.1    -          WP_007110053.1@GCF_000731985.1 -            1.3e-26   87.3   3.7   1.4e-26   87.2   2.6   1.5   1   1   0   1   1   1   1 -
WP_110516875.1@GCF_003226345.1    -          WP_007110053.1@GCF_000731985.1 -            6.3e-26   85.1   0.0   8.1e-26   84.7   0.0   1.0   1   0   0   1   1   1   1 -
WP_004043237.1@GCF_000025685.1    -          WP_007110053.1@GCF_000731985.1 -            8.5e-25   81.4   5.6     1e-24   81.1   5.6   1.1   1   0   0   1   1   1   1 -
WP_015299278.1@GCF_000230735.2    -          WP_007110053.1@GCF_000731985.1 -            8.8e-25   81.3   3.9   1.2e-24   80.9   3.0   1.6   1   1   0   2   2   2   1 -
NZ_LR134263.1_331@GCF_900636325.1 -          WP_007110053.1@GCF_000731985.1 -            7.9e-16   51.9   0.0     1e-15   51.5   0.0   1.0   1   0   0   1   1   1   1 -
WP_007110054.1@GCF_000731985.1 -          WP_007110054.1@GCF_000731985.1 -                  0 1326.4  58.4         0 1326.2  58.4   1.0   1   0   0   1   1   1   1 -
WP_008456176.1@GCF_000337175.1 -          WP_007110054.1@GCF_000731985.1 -                  0 1293.2  58.7         0 1293.0  58.7   1.0   1   0   0   1   1   1   1 -
WP_006183085.1@GCF_000230735.2 -          WP_007110054.1@GCF_000731985.1 -                  0 1107.0  59.4         0 1106.7  59.4   1.0   1   0   0   1   1   1   1 -
WP_049900695.1@GCF_000731985.1 -          WP_049900695.1@GCF_000731985.1 -           1.8e-246  810.9  14.2    2e-246  810.8  14.2   1.0   1   0   0   1   1   1   1 -
WP_008456178.1@GCF_000337175.1 -          WP_049900695.1@GCF_000731985.1 -           2.3e-232  764.5  12.9  2.5e-232  764.4  12.9   1.0   1   0   0   1   1   1   1 -
WP_006183084.1@GCF_000230735.2 -          WP_049900695.1@GCF_000731985.1 -           5.6e-142  467.2  26.7  1.2e-141  466.1  26.7   1.5   1   1   0   1   1   1   1 -
WP_007110056.1@GCF_000731985.1 -          WP_007110056.1@GCF_000731985.1 -           3.7e-233  766.8  29.2  4.2e-233  766.6  29.2   1.0   1   0   0   1   1   1   1 -
WP_008456180.1@GCF_000337175.1 -          WP_007110056.1@GCF_000731985.1 -           2.2e-223  734.7  31.6  2.5e-223  734.5  31.6   1.0   1   0   0   1   1   1   1 -
WP_006183083.1@GCF_000230735.2 -          WP_007110056.1@GCF_000731985.1 -           2.5e-183  603.0  29.4  2.8e-183  602.8  29.4   1.0   1   0   0   1   1   1   1 -
WP_007110057.1@GCF_000731985.1 -          WP_007110057.1@GCF_000731985.1 -           5.5e-162  530.1  15.4  6.1e-162  530.0  15.4   1.0   1   0   0   1   1   1   1 -
WP_015299281.1@GCF_000230735.2 -          WP_007110057.1@GCF_000731985.1 -              2e-99  325.4  17.3   2.5e-99  325.1  17.3   1.1   1   0   0   1   1   1   1 -
WP_241432498.1@GCF_000337175.1 -          WP_007110057.1@GCF_000731985.1 -            7.5e-64  209.0  15.6   8.2e-64  208.9  15.6   1.0   1   0   0   1   1   1   1 -
WP_004043226.1@GCF_000025685.1 -          WP_007110057.1@GCF_000731985.1 -            1.5e-37  122.9  28.3   3.7e-37  121.7  28.3   1.5   1   1   0   1   1   1   1 -
WP_007110058.1@GCF_000731985.1 -          WP_007110058.1@GCF_000731985.1 -           1.1e-181  595.4   0.5  1.3e-181  595.2   0.5   1.0   1   0   0   1   1   1   1 -
WP_006183081.1@GCF_000230735.2 -          WP_007110058.1@GCF_000731985.1 -              2e-88  289.9   0.2   2.5e-88  289.6   0.2   1.0   1   0   0   1   1   1   1 -
WP_004043227.1@GCF_000025685.1 -          WP_007110058.1@GCF_000731985.1 -            8.8e-14   45.3   0.0   1.2e-13   44.9   0.0   1.0   1   0   0   1   1   1   1 -
WP_007110059.1@GCF_000731985.1 -          WP_007110059.1@GCF_000731985.1 -            1.7e-44  142.1   2.0   1.8e-44  142.0   2.0   1.0   1   0   0   1   1   1   1 -
WP_049888469.1@GCF_000337175.1 -          WP_007110059.1@GCF_000731985.1 -              2e-39  126.0   1.6   2.1e-39  125.9   1.6   1.0   1   0   0   1   1   1   1 -
WP_006183080.1@GCF_000230735.2 -          WP_007110059.1@GCF_000731985.1 -            1.2e-32  104.7   1.5   1.3e-32  104.5   1.5   1.0   1   0   0   1   1   1   1 -
WP_049914850.1@GCF_000025685.1 -          WP_007110059.1@GCF_000731985.1 -            3.8e-08   27.3   2.0   4.3e-08   27.1   2.0   1.0   1   0   0   1   1   1   1 -
WP_007110060.1@GCF_000731985.1 -          WP_007110060.1@GCF_000731985.1 -                  0 1117.0  56.9         0 1116.8  56.9   1.0   1   0   0   1   1   1   1 -
WP_008456185.1@GCF_000337175.1 -          WP_007110060.1@GCF_000731985.1 -           1.3e-304 1004.0  55.2  1.5e-304 1003.8  55.2   1.0   1   0   0   1   1   1   1 -
WP_006183079.1@GCF_000230735.2 -          WP_007110060.1@GCF_000731985.1 -           8.1e-171  562.6  45.6  9.1e-171  562.4  45.6   1.0   1   0   0   1   1   1   1 -
WP_239647725.1@GCF_000731985.1 -          WP_239647725.1@GCF_000731985.1 -            3.7e-44  140.9   1.1   4.1e-44  140.8   1.1   1.0   1   0   0   1   1   1   1 -
WP_241432499.1@GCF_000337175.1 -          WP_239647725.1@GCF_000731985.1 -              8e-34  108.3   0.8   8.7e-34  108.2   0.8   1.0   1   0   0   1   1   1   1 -
WP_006183078.1@GCF_000230735.2 -          WP_239647725.1@GCF_000731985.1 -            1.7e-23   75.8   1.2   1.8e-23   75.7   1.2   1.0   1   0   0   1   1   1   1 -
WP_007110062.1@GCF_000731985.1 -          WP_007110062.1@GCF_000731985.1 -           1.3e-131  429.8  12.3  1.5e-131  429.6  12.3   1.0   1   0   0   1   1   1   1 -
WP_008456191.1@GCF_000337175.1 -          WP_007110062.1@GCF_000731985.1 -           1.6e-113  370.8  12.9  1.8e-113  370.6  12.9   1.0   1   0   0   1   1   1   1 -
WP_006183077.1@GCF_000230735.2 -          WP_007110062.1@GCF_000731985.1 -            2.5e-57  187.3  10.7   3.2e-57  186.9  10.7   1.2   1   0   0   1   1   1   1 -
WP_007110063.1@GCF_000731985.1 -          WP_007110063.1@GCF_000731985.1 -           4.2e-282  929.0  25.4  4.7e-282  928.8  25.4   1.0   1   0   0   1   1   1   1 -
WP_008456193.1@GCF_000337175.1 -          WP_007110063.1@GCF_000731985.1 -           1.7e-270  890.7  23.7  1.9e-270  890.5  23.7   1.0   1   0   0   1   1   1   1 -
WP_006183076.1@GCF_000230735.2 -          WP_007110063.1@GCF_000731985.1 -           2.2e-236  778.3  21.2  2.5e-236  778.2  21.2   1.0   1   0   0   1   1   1   1 -
WP_007110064.1@GCF_000731985.1    -          WP_007110064.1@GCF_000731985.1 -           2.6e-175  574.3  11.4  2.9e-175  574.1  11.4   1.0   1   0   0   1   1   1   1 -
WP_008456194.1@GCF_000337175.1    -          WP_007110064.1@GCF_000731985.1 -           4.1e-164  537.6  10.6  4.6e-164  537.4  10.6   1.0   1   0   0   1   1   1   1 -
WP_006183075.1@GCF_000230735.2    -          WP_007110064.1@GCF_000731985.1 -           1.1e-135  444.5   7.0  1.2e-135  444.3   7.0   1.0   1   0   0   1   1   1   1 -
WP_008456175.1@GCF_000337175.1    -          WP_007110064.1@GCF_000731985.1 -            1.4e-32  106.7   1.9   2.5e-32  105.9   1.9   1.3   1   0   0   1   1   1   1 -
WP_007110053.1@GCF_000731985.1    -          WP_007110064.1@GCF_000731985.1 -            1.5e-31  103.3   2.5   1.9e-31  102.9   2.5   1.1   1   0   0   1   1   1   1 -
WP_006183086.1@GCF_000230735.2    -          WP_007110064.1@GCF_000731985.1 -            3.1e-30   99.0   1.3   4.4e-30   98.5   1.3   1.2   1   0   0   1   1   1   1 -
WP_007110066.1@GCF_000731985.1    -          WP_007110064.1@GCF_000731985.1 -            2.7e-22   73.0   3.9   3.5e-22   72.6   3.2   1.5   1   1   0   1   1   1   1 -
WP_004043237.1@GCF_000025685.1    -          WP_007110064.1@GCF_000731985.1 -            3.2e-22   72.7   4.0   3.8e-22   72.5   4.0   1.1   1   0   0   1   1   1   1 -
WP_008456196.1@GCF_000337175.1    -          WP_007110064.1@GCF_000731985.1 -            6.5e-22   71.7   3.8   8.6e-22   71.3   3.3   1.4   1   1   0   1   1   1   1 -
WP_015299278.1@GCF_000230735.2    -          WP_007110064.1@GCF_000731985.1 -            1.5e-21   70.6   4.3   1.9e-21   70.2   3.8   1.4   1   1   0   1   1   1   1 -
WP_110516875.1@GCF_003226345.1    -          WP_007110064.1@GCF_000731985.1 -            3.4e-15   49.7   0.1     6e-15   48.9   0.1   1.3   1   1   0   1   1   1   1 -
NZ_LR134263.1_331@GCF_900636325.1 -          WP_007110064.1@GCF_000731985.1 -            2.2e-14   47.0   0.0   3.5e-14   46.4   0.0   1.2   1   0   0   1   1   1   1 -
WP_007110065.1@GCF_000731985.1 -          WP_007110065.1@GCF_000731985.1 -            9.2e-66  212.4   8.5     1e-65  212.3   8.5   1.0   1   0   0   1   1   1   1 -
WP_008456195.1@GCF_000337175.1 -          WP_007110065.1@GCF_000731985.1 -            9.1e-59  189.9   5.8     1e-58  189.8   5.8   1.0   1   0   0   1   1   1   1 -
WP_006183074.1@GCF_000230735.2 -          WP_007110065.1@GCF_000731985.1 -            8.7e-44  141.8   4.2   9.7e-44  141.6   4.2   1.0   1   0   0   1   1   1   1 -
WP_007110066.1@GCF_000731985.1    -          WP_007110066.1@GCF_000731985.1 -           3.5e-203  666.6  10.2  3.9e-203  666.4  10.2   1.0   1   0   0   1   1   1   1 -
WP_008456196.1@GCF_000337175.1    -          WP_007110066.1@GCF_000731985.1 -           6.6e-198  649.3  10.7  7.4e-198  649.1  10.7   1.0   1   0   0   1   1   1   1 -
WP_015299278.1@GCF_000230735.2    -          WP_007110066.1@GCF_000731985.1 -           1.4e-167  549.7  10.2  1.6e-167  549.6  10.2   1.0   1   0   0   1   1   1   1 -
WP_004043237.1@GCF_000025685.1    -          WP_007110066.1@GCF_000731985.1 -            1.2e-84  277.6   5.5   1.6e-84  277.1   5.5   1.2   1   1   0   1   1   1   1 -
WP_006183086.1@GCF_000230735.2    -          WP_007110066.1@GCF_000731985.1 -            4.2e-31  101.8   1.7   5.4e-31  101.4   1.7   1.2   1   0   0   1   1   1   1 -
WP_007110053.1@GCF_000731985.1    -          WP_007110066.1@GCF_000731985.1 -            2.5e-27   89.4   1.8   3.1e-27   89.1   1.8   1.3   1   0   0   1   1   1   1 -
WP_008456175.1@GCF_000337175.1    -          WP_007110066.1@GCF_000731985.1 -            1.2e-24   80.6   2.7   1.7e-24   80.1   2.1   1.4   1   1   0   1   1   1   1 -
WP_006183075.1@GCF_000230735.2    -          WP_007110066.1@GCF_000731985.1 -            3.3e-23   75.9   3.0   4.5e-23   75.4   3.0   1.2   1   0   0   1   1   1   1 -
WP_007110064.1@GCF_000731985.1    -          WP_007110066.1@GCF_000731985.1 -            3.8e-22   72.4   4.2     5e-22   72.0   4.2   1.2   1   0   0   1   1   1   1 -
WP_008456194.1@GCF_000337175.1    -          WP_007110066.1@GCF_000731985.1 -            6.6e-22   71.6   3.7   8.7e-22   71.2   3.7   1.1   1   0   0   1   1   1   1 -
WP_110516875.1@GCF_003226345.1    -          WP_007110066.1@GCF_000731985.1 -            3.5e-14   46.2   0.0   6.1e-14   45.5   0.0   1.3   1   1   0   1   1   1   1 -
NZ_LR134263.1_331@GCF_900636325.1 -          WP_007110066.1@GCF_000731985.1 -            2.5e-11   36.9   0.0   2.2e-07   23.9   0.0   2.0   2   0   0   2   2   2   2 -
WP_007110067.1@GCF_000731985.1 -          WP_007110067.1@GCF_000731985.1 -           5.4e-175  574.0  26.8    6e-175  573.8  26.8   1.0   1   0   0   1   1   1   1 -
WP_008456197.1@GCF_000337175.1 -          WP_007110067.1@GCF_000731985.1 -           8.4e-161  527.5  27.1  9.4e-161  527.3  27.1   1.0   1   0   0   1   1   1   1 -
WP_006183072.1@GCF_000230735.2 -          WP_007110067.1@GCF_000731985.1 -           7.4e-127  416.2  26.4  8.2e-127  416.0  26.4   1.0   1   0   0   1   1   1   1 -
WP_013035087.1@GCF_000025685.1 -          WP_007110067.1@GCF_000731985.1 -            1.6e-16   54.4  25.2   2.1e-14   47.4  25.2   2.3   1   1   0   1   1   1   1 -
WP_007110068.1@GCF_000731985.1 -          WP_007110068.1@GCF_000731985.1 -           1.4e-150  492.7  18.7  1.6e-150  492.6  18.7   1.0   1   0   0   1   1   1   1 -
WP_008456198.1@GCF_000337175.1 -          WP_007110068.1@GCF_000731985.1 -           1.7e-144  472.9  18.4  1.8e-144  472.7  18.4   1.0   1   0   0   1   1   1   1 -
WP_006183071.1@GCF_000230735.2 -          WP_007110068.1@GCF_000731985.1 -           1.6e-126  414.0  19.2  1.8e-126  413.9  19.2   1.0   1   0   0   1   1   1   1 -
WP_008456167.1@GCF_000337175.1 -          WP_008456167.1@GCF_000337175.1 -           1.1e-109  357.1   8.7  1.2e-109  357.0   8.7   1.0   1   0   0   1   1   1   1 -
WP_007110048.1@GCF_000731985.1 -          WP_008456167.1@GCF_000337175.1 -            1.7e-93  304.5   9.5   1.9e-93  304.3   9.5   1.0   1   0   0   1   1   1   1 -
WP_006183091.1@GCF_000230735.2 -          WP_008456167.1@GCF_000337175.1 -            4.7e-78  254.2   8.8   5.2e-78  254.1   8.8   1.0   1   0   0   1   1   1   1 -
WP_008456168.1@GCF_000337175.1 -          WP_008456168.1@GCF_000337175.1 -            6.8e-79  255.2  12.7   7.6e-79  255.0  12.7   1.0   1   0   0   1   1   1   1 -
WP_007110049.1@GCF_000731985.1 -          WP_008456168.1@GCF_000337175.1 -            3.6e-65  211.0  13.5   1.3e-62  202.7  13.5   2.0   1   1   0   1   1   1   1 -
WP_006183090.1@GCF_000230735.2 -          WP_008456168.1@GCF_000337175.1 -            1.6e-42  137.9  12.1   1.8e-42  137.8  12.1   1.0   1   0   0   1   1   1   1 -
WP_014862879.1@GCF_000337175.1 -          WP_014862879.1@GCF_000337175.1 -                  0 1368.4  32.8         0 1368.3  32.8   1.0   1   0   0   1   1   1   1 -
WP_007110050.1@GCF_000731985.1 -          WP_014862879.1@GCF_000337175.1 -                  0 1293.5  31.2         0 1293.3  31.2   1.0   1   0   0   1   1   1   1 -
WP_172637306.1@GCF_000230735.2 -          WP_014862879.1@GCF_000337175.1 -                  0 1188.8  32.4         0 1188.6  32.4   1.0   1   0   0   1   1   1   1 -
WP_110516904.1@GCF_003226345.1 -          WP_014862879.1@GCF_000337175.1 -            3.3e-15   49.3  26.4   1.1e-11   37.7   8.6   3.1   2   1   0   2   2   2   2 -
WP_008456173.1@GCF_000337175.1 -          WP_008456173.1@GCF_000337175.1 -            1.7e-66  214.4   1.4   1.9e-66  214.2   1.4   1.0   1   0   0   1   1   1   1 -
WP_007110052.1@GCF_000731985.1 -          WP_008456173.1@GCF_000337175.1 -            5.8e-55  177.5   3.1   2.1e-53  172.5   3.1   2.0   1   1   0   1   1   1   1 -
WP_006183087.1@GCF_000230735.2 -          WP_008456173.1@GCF_000337175.1 -            2.3e-36  117.9   1.1   4.2e-36  117.1   1.1   1.4   1   1   0   1   1   1   1 -
WP_008456175.1@GCF_000337175.1    -          WP_008456175.1@GCF_000337175.1 -           4.7e-234  769.3   8.2  5.2e-234  769.2   8.2   1.0   1   0   0   1   1   1   1 -
WP_007110053.1@GCF_000731985.1    -          WP_008456175.1@GCF_000337175.1 -           2.9e-220  724.0   9.2  3.2e-220  723.8   9.2   1.0   1   0   0   1   1   1   1 -
WP_006183086.1@GCF_000230735.2    -          WP_008456175.1@GCF_000337175.1 -           1.8e-173  570.1   7.8    2e-173  570.0   7.8   1.0   1   0   0   1   1   1   1 -
WP_006183075.1@GCF_000230735.2    -          WP_008456175.1@GCF_000337175.1 -            9.5e-35  114.1   4.0   1.1e-34  113.9   4.0   1.0   1   0   0   1   1   1   1 -
WP_008456194.1@GCF_000337175.1    -          WP_008456175.1@GCF_000337175.1 -              4e-32  105.5   4.3   4.8e-32  105.2   4.3   1.1   1   0   0   1   1   1   1 -
WP_007110064.1@GCF_000731985.1    -          WP_008456175.1@GCF_000337175.1 -            8.5e-32  104.4   4.4     1e-31  104.2   4.4   1.1   1   0   0   1   1   1   1 -
WP_004043237.1@GCF_000025685.1    -          WP_008456175.1@GCF_000337175.1 -            3.6e-25   82.6   3.8   4.5e-25   82.3   3.8   1.1   1   0   0   1   1   1   1 -
WP_110516875.1@GCF_003226345.1    -          WP_008456175.1@GCF_000337175.1 -            4.3e-25   82.4   0.0   5.4e-25   82.0   0.0   1.0   1   0   0   1   1   1   1 -
WP_007110066.1@GCF_000731985.1    -          WP_008456175.1@GCF_000337175.1 -            1.4e-24   80.7   3.2   1.5e-24   80.6   2.2   1.4   1   1   0   1   1   1   1 -
WP_008456196.1@GCF_000337175.1    -          WP_008456175.1@GCF_000337175.1 -            2.5e-24   79.9   2.8     3e-24   79.6   2.0   1.4   1   1   0   1   1   1   1 -
WP_015299278.1@GCF_000230735.2    -          WP_008456175.1@GCF_000337175.1 -            1.5e-23   77.3   3.2   1.7e-23   77.1   2.2   1.5   1   1   0   1   1   1   1 -
NZ_LR134263.1_331@GCF_900636325.1 -          WP_008456175.1@GCF_000337175.1 -            4.1e-15   49.6   0.0   5.4e-15   49.2   0.0   1.0   1   0   0   1   1   1   1 -
WP_008456176.1@GCF_000337175.1 -          WP_008456176.1@GCF_000337175.1 -                  0 1326.0  59.0         0 1325.8  59.0   1.0   1   0   0   1   1   1   1 -
WP_007110054.1@GCF_000731985.1 -          WP_008456176.1@GCF_000337175.1 -                  0 1293.6  58.5         0 1293.5  58.5   1.0   1   0   0   1   1   1   1 -
WP_006183085.1@GCF_000230735.2 -          WP_008456176.1@GCF_000337175.1 -                  0 1106.8  59.6         0 1106.5  59.6   1.0   1   0   0   1   1   1   1 -
WP_008456178.1@GCF_000337175.1 -          WP_008456178.1@GCF_000337175.1 -           3.5e-246  809.9  12.5  3.9e-246  809.7  12.5   1.0   1   0   0   1   1   1   1 -
WP_049900695.1@GCF_000731985.1 -          WP_008456178.1@GCF_000337175.1 -           2.9e-232  764.1  13.3  3.2e-232  763.9  13.3   1.0   1   0   0   1   1   1   1 -
WP_006183084.1@GCF_000230735.2 -          WP_008456178.1@GCF_000337175.1 -           4.9e-141  464.0  24.3  9.1e-141  463.1  24.3   1.4   1   1   0   1   1   1   1 -
WP_008456180.1@GCF_000337175.1 -          WP_008456180.1@GCF_000337175.1 -           1.6e-231  761.4  33.9  1.8e-231  761.2  33.9   1.0   1   0   0   1   1   1   1 -
WP_007110056.1@GCF_000731985.1 -          WP_008456180.1@GCF_000337175.1 -           1.1e-223  735.6  30.8  1.3e-223  735.4  30.8   1.0   1   0   0   1   1   1   1 -
WP_006183083.1@GCF_000230735.2 -          WP_008456180.1@GCF_000337175.1 -           1.1e-180  594.2  31.7  1.2e-180  594.1  31.7   1.0   1   0   0   1   1   1   1 -
WP_241432498.1@GCF_000337175.1 -          WP_241432498.1@GCF_000337175.1 -            2.5e-73  237.2  15.8   2.8e-73  237.0  15.8   1.0   1   0   0   1   1   1   1 -
WP_007110057.1@GCF_000731985.1 -          WP_241432498.1@GCF_000337175.1 -            2.8e-64  208.0  15.8   4.8e-64  207.3  15.8   1.4   1   0   0   1   1   1   1 -
WP_015299281.1@GCF_000230735.2 -          WP_241432498.1@GCF_000337175.1 -            1.8e-43  141.0  19.1     2e-43  140.9  17.8   1.8   2   0   0   2   2   2   1 -
WP_004043226.1@GCF_000025685.1 -          WP_241432498.1@GCF_000337175.1 -              2e-23   76.5  22.3   1.2e-22   74.0  21.4   2.4   1   1   1   2   2   2   1 -
WP_049888469.1@GCF_000337175.1 -          WP_049888469.1@GCF_000337175.1 -            3.6e-45  144.3   2.1   3.9e-45  144.2   2.1   1.0   1   0   0   1   1   1   1 -
WP_007110059.1@GCF_000731985.1 -          WP_049888469.1@GCF_000337175.1 -              2e-39  126.1   1.6   2.2e-39  126.0   1.6   1.0   1   0   0   1   1   1   1 -
WP_006183080.1@GCF_000230735.2 -          WP_049888469.1@GCF_000337175.1 -            4.4e-34  109.3   1.5   4.8e-34  109.1   1.5   1.0   1   0   0   1   1   1   1 -
WP_049914850.1@GCF_000025685.1 -          WP_049888469.1@GCF_000337175.1 -            1.3e-08   28.8   2.4   1.4e-08   28.7   2.4   1.0   1   0   0   1   1   1   1 -
WP_008456185.1@GCF_000337175.1 -          WP_008456185.1@GCF_000337175.1 -                  0 1121.7  55.2         0 1121.6  55.2   1.0   1   0   0   1   1   1   1 -
WP_007110060.1@GCF_000731985.1 -          WP_008456185.1@GCF_000337175.1 -           1.8e-304 1003.8  55.8  2.1e-304 1003.6  55.8   1.0   1   0   0   1   1   1   1 -
WP_006183079.1@GCF_000230735.2 -          WP_008456185.1@GCF_000337175.1 -             1e-166  549.3  45.9  1.1e-166  549.1  45.9   1.0   1   0   0   1   1   1   1 -
WP_241432499.1@GCF_000337175.1 -          WP_241432499.1@GCF_000337175.1 -            4.5e-45  143.9   1.4   4.9e-45  143.7   1.4   1.0   1   0   0   1   1   1   1 -
WP_239647725.1@GCF_000731985.1 -          WP_241432499.1@GCF_000337175.1 -            7.6e-34  108.4   0.7   8.2e-34  108.3   0.7   1.0   1   0   0   1   1   1   1 -
WP_006183078.1@GCF_000230735.2 -          WP_241432499.1@GCF_000337175.1 -            3.1e-25   81.3   1.0   3.2e-25   81.2   1.0   1.0   1   0   0   1   1   1   1 -
WP_008456191.1@GCF_000337175.1 -          WP_008456191.1@GCF_000337175.1 -           9.4e-129  420.5  13.9    1e-128  420.3  13.9   1.0   1   0   0   1   1   1   1 -
WP_007110062.1@GCF_000731985.1 -          WP_008456191.1@GCF_000337175.1 -           9.2e-114  371.5  11.3    1e-113  371.4  11.3   1.0   1   0   0   1   1   1   1 -
WP_006183077.1@GCF_000230735.2 -          WP_008456191.1@GCF_000337175.1 -            1.8e-54  178.0  15.9     3e-54  177.3  15.9   1.3   1   1   0   1   1   1   1 -
WP_008456193.1@GCF_000337175.1 -          WP_008456193.1@GCF_000337175.1 -           6.2e-280  921.6  23.2  6.9e-280  921.5  23.2   1.0   1   0   0   1   1   1   1 -
WP_007110063.1@GCF_000731985.1 -          WP_008456193.1@GCF_000337175.1 -           2.6e-270  889.9  24.4  2.9e-270  889.7  24.4   1.0   1   0   0   1   1   1   1 -
WP_006183076.1@GCF_000230735.2 -          WP_008456193.1@GCF_000337175.1 -           2.3e-235  774.8  20.6  2.5e-235  774.7  20.6   1.0   1   0   0   1   1   1   1 -
WP_008456194.1@GCF_000337175.1    -          WP_008456194.1@GCF_000337175.1 -           3.9e-176  577.0  10.9  4.4e-176  576.8  10.9   1.0   1   0   0   1   1   1   1 -
WP_007110064.1@GCF_000731985.1    -          WP_008456194.1@GCF_000337175.1 -           4.2e-164  537.6  10.9  4.7e-164  537.4  10.9   1.0   1   0   0   1   1   1   1 -
WP_006183075.1@GCF_000230735.2    -          WP_008456194.1@GCF_000337175.1 -           2.5e-138  453.1   6.7  2.8e-138  453.0   6.7   1.0   1   0   0   1   1   1   1 -
WP_008456175.1@GCF_000337175.1    -          WP_008456194.1@GCF_000337175.1 -            6.9e-33  107.7   2.1   1.2e-32  106.8   2.1   1.4   1   0   0   1   1   1   1 -
WP_007110053.1@GCF_000731985.1    -          WP_008456194.1@GCF_000337175.1 -            5.6e-32  104.7   2.4   7.6e-32  104.2   2.4   1.1   1   0   0   1   1   1   1 -
WP_006183086.1@GCF_000230735.2    -          WP_008456194.1@GCF_000337175.1 -            2.2e-30   99.5   1.9   3.2e-30   98.9   1.9   1.2   1   0   0   1   1   1   1 -
WP_007110066.1@GCF_000731985.1    -          WP_008456194.1@GCF_000337175.1 -            3.9e-22   72.4   4.9   7.8e-22   71.4   3.4   1.9   1   1   1   2   2   2   1 -
WP_008456196.1@GCF_000337175.1    -          WP_008456194.1@GCF_000337175.1 -            4.7e-22   72.2   3.8   1.5e-21   70.5   3.4   1.8   1   1   1   2   2   2   1 -
WP_004043237.1@GCF_000025685.1    -          WP_008456194.1@GCF_000337175.1 -            7.3e-22   71.5   6.2     9e-22   71.2   6.2   1.1   1   0   0   1   1   1   1 -
WP_015299278.1@GCF_000230735.2    -          WP_008456194.1@GCF_000337175.1 -            7.8e-22   71.4   4.8   1.2e-21   70.9   3.0   1.9   1   1   1   2   2   2   1 -
WP_110516875.1@GCF_003226345.1    -          WP_008456194.1@GCF_000337175.1 -            6.4e-16   52.1   0.1   1.2e-15   51.1   0.1   1.3   1   1   0   1   1   1   1 -
NZ_LR134263.1_331@GCF_900636325.1 -          WP_008456194.1@GCF_000337175.1 -            7.7e-15   48.5   0.0   1.2e-14   47.9   0.0   1.2   1   0   0   1   1   1   1 -
WP_008456195.1@GCF_000337175.1 -          WP_008456195.1@GCF_000337175.1 -            5.9e-67  216.1   4.9   6.5e-67  216.0   4.9   1.0   1   0   0   1   1   1   1 -
WP_007110065.1@GCF_000731985.1 -          WP_008456195.1@GCF_000337175.1 -            1.6e-58  189.0   6.8   1.8e-58  188.9   6.8   1.0   1   0   0   1   1   1   1 -
WP_006183074.1@GCF_000230735.2 -          WP_008456195.1@GCF_000337175.1 -            2.3e-41  133.9   3.6   2.6e-41  133.7   3.6   1.0   1   0   0   1   1   1   1 -
WP_008456196.1@GCF_000337175.1    -          WP_008456196.1@GCF_000337175.1 -           4.8e-202  663.0  11.4  5.3e-202  662.8  11.4   1.0   1   0   0   1   1   1   1 -
WP_007110066.1@GCF_000731985.1    -          WP_008456196.1@GCF_000337175.1 -           6.5e-198  649.4  10.4  7.2e-198  649.3  10.4   1.0   1   0   0   1   1   1   1 -
WP_015299278.1@GCF_000230735.2    -          WP_008456196.1@GCF_000337175.1 -           5.8e-168  551.1  10.7  6.5e-168  551.0  10.7   1.0   1   0   0   1   1   1   1 -
WP_004043237.1@GCF_000025685.1    -          WP_008456196.1@GCF_000337175.1 -            2.1e-84  276.8   5.4   2.6e-84  276.5   5.4   1.1   1   0   0   1   1   1   1 -
WP_006183086.1@GCF_000230735.2    -          WP_008456196.1@GCF_000337175.1 -            1.1e-30  100.5   1.0   1.7e-30   99.9   1.0   1.2   1   0   0   1   1   1   1 -
WP_007110053.1@GCF_000731985.1    -          WP_008456196.1@GCF_000337175.1 -              7e-27   88.1   1.8     1e-26   87.5   1.8   1.2   1   0   0   1   1   1   1 -
WP_008456175.1@GCF_000337175.1    -          WP_008456196.1@GCF_000337175.1 -            2.3e-24   79.8   2.1   3.3e-24   79.3   1.8   1.3   1   1   0   1   1   1   1 -
WP_006183075.1@GCF_000230735.2    -          WP_008456196.1@GCF_000337175.1 -            9.5e-23   74.5   3.0   1.3e-22   74.1   3.0   1.1   1   0   0   1   1   1   1 -
WP_007110064.1@GCF_000731985.1    -          WP_008456196.1@GCF_000337175.1 -            9.9e-22   71.2   4.1   1.3e-21   70.8   4.1   1.2   1   0   0   1   1   1   1 -
WP_008456194.1@GCF_000337175.1    -          WP_008456196.1@GCF_000337175.1 -            1.3e-21   70.8   3.5   1.9e-21   70.3   3.5   1.1   1   0   0   1   1   1   1 -
WP_110516875.1@GCF_003226345.1    -          WP_008456196.1@GCF_000337175.1 -            2.1e-14   47.1   0.1   3.8e-14   46.3   0.1   1.3   1   1   0   1   1   1   1 -
NZ_LR134263.1_331@GCF_900636325.1 -          WP_008456196.1@GCF_000337175.1 -            1.6e-11   37.7   0.0   1.5e-07   24.6   0.0   2.0   2   0   0   2   2   2   2 -
WP_008456197.1@GCF_000337175.1 -          WP_008456197.1@GCF_000337175.1 -           3.4e-175  574.6  28.2  3.8e-175  574.4  28.2   1.0   1   0   0   1   1   1   1 -
WP_007110067.1@GCF_000731985.1 -          WP_008456197.1@GCF_000337175.1 -           5.2e-161  528.1  27.0  5.8e-161  527.9  27.0   1.0   1   0   0   1   1   1   1 -
WP_006183072.1@GCF_000230735.2 -          WP_008456197.1@GCF_000337175.1 -           3.7e-127  417.1  27.2  4.1e-127  416.9  27.2   1.0   1   0   0   1   1   1   1 -
WP_013035087.1@GCF_000025685.1 -          WP_008456197.1@GCF_000337175.1 -            1.3e-18   61.1  23.8   2.3e-17   57.1  15.6   2.2   1   1   1   2   2   2   2 -
WP_008456198.1@GCF_000337175.1 -          WP_008456198.1@GCF_000337175.1 -           1.4e-150  492.8  18.0  1.5e-150  492.6  18.0   1.0   1   0   0   1   1   1   1 -
WP_007110068.1@GCF_000731985.1 -          WP_008456198.1@GCF_000337175.1 -           1.6e-144  472.9  18.2  1.8e-144  472.8  18.2   1.0   1   0   0   1   1   1   1 -
WP_006183071.1@GCF_000230735.2 -          WP_008456198.1@GCF_000337175.1 -           6.8e-125  408.7  18.8  7.6e-125  408.6  18.8   1.0   1   0   0   1   1   1   1 -
WP_008456199.1@GCF_000337175.1 -          WP_008456199.1@GCF_000337175.1 -            7.5e-99  321.4   5.0   8.3e-99  321.2   5.0   1.0   1   0   0   1   1   1   1 -
WP_006183070.1@GCF_000230735.2 -          WP_008456199.1@GCF_000337175.1 -            2.4e-22   73.1   2.9   2.5e-22   73.0   2.9   1.0   1   0   0   1   1   1   1 -
WP_006183070.1@GCF_000230735.2 -          WP_006183070.1@GCF_000230735.2 -            8.8e-92  298.0   7.5   9.8e-92  297.9   7.5   1.0   1   0   0   1   1   1   1 -
WP_008456199.1@GCF_000337175.1 -          WP_006183070.1@GCF_000230735.2 -            1.4e-22   73.7   2.2   1.6e-22   73.5   2.2   1.0   1   0   0   1   1   1   1 -
WP_006183071.1@GCF_000230735.2 -          WP_006183071.1@GCF_000230735.2 -           2.2e-149  488.9  19.9  2.5e-149  488.8  19.9   1.0   1   0   0   1   1   1   1 -
WP_007110068.1@GCF_000731985.1 -          WP_006183071.1@GCF_000230735.2 -           1.3e-126  414.4  18.4  1.5e-126  414.3  18.4   1.0   1   0   0   1   1   1   1 -
WP_008456198.1@GCF_000337175.1 -          WP_006183071.1@GCF_000230735.2 -           5.9e-125  409.0  18.3  6.6e-125  408.9  18.3   1.0   1   0   0   1   1   1   1 -
WP_006183072.1@GCF_000230735.2 -          WP_006183072.1@GCF_000230735.2 -           5.6e-179  587.1  30.4  6.2e-179  587.0  30.4   1.0   1   0   0   1   1   1   1 -
WP_008456197.1@GCF_000337175.1 -          WP_006183072.1@GCF_000230735.2 -           2.6e-127  417.7  27.0  2.9e-127  417.5  27.0   1.0   1   0   0   1   1   1   1 -
WP_007110067.1@GCF_000731985.1 -          WP_006183072.1@GCF_000230735.2 -             3e-127  417.5  26.2  3.3e-127  417.3  26.2   1.0   1   0   0   1   1   1   1 -
WP_013035087.1@GCF_000025685.1 -          WP_006183072.1@GCF_000230735.2 -            6.3e-18   58.8  25.8   9.6e-17   54.9  25.8   2.2   1   1   0   1   1   1   1 -
WP_015299278.1@GCF_000230735.2    -          WP_015299278.1@GCF_000230735.2 -           1.6e-204  671.5  11.2  1.7e-204  671.3  11.2   1.0   1   0   0   1   1   1   1 -
WP_008456196.1@GCF_000337175.1    -          WP_015299278.1@GCF_000230735.2 -           7.3e-168  551.1  10.4  8.1e-168  550.9  10.4   1.0   1   0   0   1   1   1   1 -
WP_007110066.1@GCF_000731985.1    -          WP_015299278.1@GCF_000230735.2 -           1.7e-167  549.8   9.7  1.9e-167  549.7   9.7   1.0   1   0   0   1   1   1   1 -
WP_004043237.1@GCF_000025685.1    -          WP_015299278.1@GCF_000230735.2 -            6.1e-84  275.6   5.0   7.6e-84  275.3   5.0   1.1   1   0   0   1   1   1   1 -
WP_006183086.1@GCF_000230735.2    -          WP_015299278.1@GCF_000230735.2 -            1.4e-25   84.0   1.2   2.1e-25   83.4   1.2   1.2   1   0   0   1   1   1   1 -
WP_007110053.1@GCF_000731985.1    -          WP_015299278.1@GCF_000230735.2 -            6.3e-25   81.8   1.8   9.3e-25   81.3   1.8   1.2   1   0   0   1   1   1   1 -
WP_008456175.1@GCF_000337175.1    -          WP_015299278.1@GCF_000230735.2 -            1.1e-23   77.8   1.4   1.6e-23   77.2   1.4   1.2   1   0   0   1   1   1   1 -
WP_006183075.1@GCF_000230735.2    -          WP_015299278.1@GCF_000230735.2 -            8.2e-22   71.6   2.7   1.3e-21   71.0   2.7   1.2   1   0   0   1   1   1   1 -
WP_008456194.1@GCF_000337175.1    -          WP_015299278.1@GCF_000230735.2 -            1.9e-21   70.4   3.6   2.5e-21   70.0   3.6   1.1   1   0   0   1   1   1   1 -
WP_007110064.1@GCF_000731985.1    -          WP_015299278.1@GCF_000230735.2 -            2.5e-21   70.0   4.4   3.5e-21   69.6   4.4   1.1   1   0   0   1   1   1   1 -
WP_110516875.1@GCF_003226345.1    -          WP_015299278.1@GCF_000230735.2 -            4.4e-12   39.7   0.0   7.8e-12   38.9   0.0   1.3   1   1   0   1   1   1   1 -
NZ_LR134263.1_331@GCF_900636325.1 -          WP_015299278.1@GCF_000230735.2 -            4.2e-09   29.9   0.0   1.4e-05   18.4   0.0   2.0   2   0   0   2   2   2   2 -
WP_006183074.1@GCF_000230735.2 -          WP_006183074.1@GCF_000230735.2 -            3.3e-67  216.8   4.0   3.7e-67  216.7   4.0   1.0   1   0   0   1   1   1   1 -
WP_007110065.1@GCF_000731985.1 -          WP_006183074.1@GCF_000230735.2 -            1.7e-43  140.7   5.6   1.9e-43  140.5   5.6   1.0   1   0   0   1   1   1   1 -
WP_008456195.1@GCF_000337175.1 -          WP_006183074.1@GCF_000230735.2 -            2.6e-41  133.7   4.0   2.9e-41  133.5   4.0   1.0   1   0   0   1   1   1   1 -
WP_006183075.1@GCF_000230735.2    -          WP_006183075.1@GCF_000230735.2 -           3.5e-163  534.0   7.9  3.9e-163  533.9   7.9   1.0   1   0   0   1   1   1   1 -
WP_008456194.1@GCF_000337175.1    -          WP_006183075.1@GCF_000230735.2 -           3.5e-138  452.2   6.9  4.2e-138  452.0   6.9   1.1   1   0   0   1   1   1   1 -
WP_007110064.1@GCF_000731985.1    -          WP_006183075.1@GCF_000230735.2 -           1.6e-135  443.5   7.6  1.9e-135  443.3   7.6   1.0   1   0   0   1   1   1   1 -
WP_008456175.1@GCF_000337175.1    -          WP_006183075.1@GCF_000230735.2 -            4.2e-35  114.9   2.2   6.3e-35  114.3   2.2   1.2   1   0   0   1   1   1   1 -
WP_007110053.1@GCF_000731985.1    -          WP_006183075.1@GCF_000230735.2 -            2.4e-34  112.5   2.7   3.2e-34  112.0   2.7   1.1   1   0   0   1   1   1   1 -
WP_006183086.1@GCF_000230735.2    -          WP_006183075.1@GCF_000230735.2 -            3.7e-34  111.8   1.3   5.2e-34  111.3   1.3   1.2   1   0   0   1   1   1   1 -
WP_007110066.1@GCF_000731985.1    -          WP_006183075.1@GCF_000230735.2 -            2.6e-23   76.4   4.7   9.8e-23   74.4   3.4   2.1   1   1   0   2   2   2   1 -
WP_008456196.1@GCF_000337175.1    -          WP_006183075.1@GCF_000230735.2 -            6.2e-23   75.1   4.3   2.4e-22   73.2   3.3   2.0   1   1   1   2   2   2   1 -
WP_015299278.1@GCF_000230735.2    -          WP_006183075.1@GCF_000230735.2 -            7.3e-22   71.6   4.9     2e-21   70.1   3.3   2.0   2   0   0   2   2   2   1 -
WP_004043237.1@GCF_000025685.1    -          WP_006183075.1@GCF_000230735.2 -            3.6e-20   66.1   4.0   4.3e-20   65.8   4.0   1.1   1   0   0   1   1   1   1 -
WP_110516875.1@GCF_003226345.1    -          WP_006183075.1@GCF_000230735.2 -            1.5e-17   57.5   0.1   2.6e-17   56.7   0.1   1.3   1   1   0   1   1   1   1 -
NZ_LR134263.1_331@GCF_900636325.1 -          WP_006183075.1@GCF_000230735.2 -            5.7e-15   49.0   0.0   8.5e-15   48.5   0.0   1.2   1   0   0   1   1   1   1 -
WP_006183076.1@GCF_000230735.2 -          WP_006183076.1@GCF_000230735.2 -           9.4e-278  914.4  21.8    1e-277  914.2  21.8   1.0   1   0   0   1   1   1   1 -
WP_007110063.1@GCF_000731985.1 -          WP_006183076.1@GCF_000230735.2 -           7.9e-236  776.3  22.3    9e-236  776.1  22.3   1.0   1   0   0   1   1   1   1 -
WP_008456193.1@GCF_000337175.1 -          WP_006183076.1@GCF_000230735.2 -           5.4e-235  773.5  21.1  6.1e-235  773.4  21.1   1.0   1   0   0   1   1   1   1 -
WP_006183077.1@GCF_000230735.2 -          WP_006183077.1@GCF_000230735.2 -           9.2e-118  384.1  11.3    1e-117  384.0  11.3   1.0   1   0   0   1   1   1   1 -
WP_008456191.1@GCF_000337175.1 -          WP_006183077.1@GCF_000230735.2 -            2.7e-53  174.0  21.7   1.2e-52  171.9  21.7   1.8   1   1   0   1   1   1   1 -
WP_007110062.1@GCF_000731985.1 -          WP_006183077.1@GCF_000230735.2 -            2.1e-52  171.1  30.0   3.4e-51  167.2  30.0   1.9   1   1   0   1   1   1   1 -
WP_006183078.1@GCF_000230735.2 -          WP_006183078.1@GCF_000230735.2 -              2e-42  135.5   3.8   2.1e-42  135.4   3.8   1.0   1   0   0   1   1   1   1 -
WP_241432499.1@GCF_000337175.1 -          WP_006183078.1@GCF_000230735.2 -            2.3e-25   81.7   0.5   2.4e-25   81.7   0.5   1.0   1   0   0   1   1   1   1 -
WP_239647725.1@GCF_000731985.1 -          WP_006183078.1@GCF_000230735.2 -            1.2e-23   76.3   0.6   1.2e-23   76.3   0.6   1.0   1   0   0   1   1   1   1 -
WP_006183079.1@GCF_000230735.2 -          WP_006183079.1@GCF_000230735.2 -                  0 1045.1  46.2         0 1044.9  46.2   1.0   1   0   0   1   1   1   1 -
WP_007110060.1@GCF_000731985.1 -          WP_006183079.1@GCF_000230735.2 -             5e-170  560.1  49.0  5.9e-170  559.9  49.0   1.0   1   0   0   1   1   1   1 -
WP_008456185.1@GCF_000337175.1 -          WP_006183079.1@GCF_000230735.2 -           3.6e-166  547.4  48.6  4.3e-166  547.1  48.6   1.0   1   0   0   1   1   1   1 -
WP_006183080.1@GCF_000230735.2 -          WP_006183080.1@GCF_000230735.2 -            5.2e-45  144.2   2.4   5.7e-45  144.0   2.4   1.0   1   0   0   1   1   1   1 -
WP_049888469.1@GCF_000337175.1 -          WP_006183080.1@GCF_000230735.2 -            5.4e-34  109.3   1.6   5.8e-34  109.2   1.6   1.0   1   0   0   1   1   1   1 -
WP_007110059.1@GCF_000731985.1 -          WP_006183080.1@GCF_000230735.2 -            1.4e-32  104.9   1.6   1.5e-32  104.8   1.6   1.0   1   0   0   1   1   1   1 -
WP_049914850.1@GCF_000025685.1 -          WP_006183080.1@GCF_000230735.2 -            5.2e-10   33.5   3.1   5.8e-10   33.3   3.1   1.0   1   0   0   1   1   1   1 -
WP_006183081.1@GCF_000230735.2 -          WP_006183081.1@GCF_000230735.2 -           2.8e-186  610.5   3.9  3.1e-186  610.4   3.9   1.0   1   0   0   1   1   1   1 -
WP_007110058.1@GCF_000731985.1 -          WP_006183081.1@GCF_000230735.2 -            7.7e-89  291.1   0.3   9.7e-89  290.8   0.3   1.0   1   0   0   1   1   1   1 -
WP_004043227.1@GCF_000025685.1 -          WP_006183081.1@GCF_000230735.2 -            1.7e-10   34.3   0.1   2.1e-10   34.0   0.1   1.0   1   0   0   1   1   1   1 -
WP_015299281.1@GCF_000230735.2 -          WP_015299281.1@GCF_000230735.2 -           3.5e-187  613.7  30.6  3.9e-187  613.5  30.6   1.0   1   0   0   1   1   1   1 -
WP_007110057.1@GCF_000731985.1 -          WP_015299281.1@GCF_000230735.2 -           5.2e-100  327.8  14.7  5.8e-100  327.7  14.7   1.0   1   0   0   1   1   1   1 -
WP_004043226.1@GCF_000025685.1 -          WP_015299281.1@GCF_000230735.2 -            7.1e-46  150.3  17.0     1e-45  149.7  17.0   1.3   1   0   0   1   1   1   1 -
WP_241432498.1@GCF_000337175.1 -          WP_015299281.1@GCF_000230735.2 -            4.8e-44  144.3  16.2   5.2e-44  144.1  16.2   1.0   1   0   0   1   1   1   1 -
WP_006183083.1@GCF_000230735.2 -          WP_006183083.1@GCF_000230735.2 -           2.3e-231  761.0  31.5  2.6e-231  760.8  31.5   1.0   1   0   0   1   1   1   1 -
WP_007110056.1@GCF_000731985.1 -          WP_006183083.1@GCF_000230735.2 -           2.3e-183  603.1  29.5  2.6e-183  603.0  29.5   1.0   1   0   0   1   1   1   1 -
WP_008456180.1@GCF_000337175.1 -          WP_006183083.1@GCF_000230735.2 -           1.7e-180  593.7  32.3  1.8e-180  593.6  32.3   1.0   1   0   0   1   1   1   1 -
WP_006183084.1@GCF_000230735.2 -          WP_006183084.1@GCF_000230735.2 -           2.7e-255  840.1  24.9  3.1e-255  839.9  24.9   1.0   1   0   0   1   1   1   1 -
WP_049900695.1@GCF_000731985.1 -          WP_006183084.1@GCF_000230735.2 -           2.6e-145  478.1  14.2  3.7e-145  477.6  14.2   1.2   1   0   0   1   1   1   1 -
WP_008456178.1@GCF_000337175.1 -          WP_006183084.1@GCF_000230735.2 -           4.3e-144  474.1  12.5  5.6e-144  473.7  12.5   1.1   1   0   0   1   1   1   1 -
WP_006183085.1@GCF_000230735.2 -          WP_006183085.1@GCF_000230735.2 -                  0 1326.1  61.6         0 1325.9  61.6   1.0   1   0   0   1   1   1   1 -
WP_007110054.1@GCF_000731985.1 -          WP_006183085.1@GCF_000230735.2 -                  0 1108.2  59.0         0 1107.9  59.0   1.0   1   0   0   1   1   1   1 -
WP_008456176.1@GCF_000337175.1 -          WP_006183085.1@GCF_000230735.2 -                  0 1107.5  59.4         0 1107.3  59.4   1.0   1   0   0   1   1   1   1 -
WP_006183086.1@GCF_000230735.2    -          WP_006183086.1@GCF_000230735.2 -           5.7e-229  752.3  11.0  6.4e-229  752.1  11.0   1.0   1   0   0   1   1   1   1 -
WP_007110053.1@GCF_000731985.1    -          WP_006183086.1@GCF_000230735.2 -             2e-176  579.6   8.5  2.2e-176  579.4   8.5   1.0   1   0   0   1   1   1   1 -
WP_008456175.1@GCF_000337175.1    -          WP_006183086.1@GCF_000230735.2 -           1.3e-173  570.3   7.3  1.5e-173  570.1   7.3   1.0   1   0   0   1   1   1   1 -
WP_006183075.1@GCF_000230735.2    -          WP_006183086.1@GCF_000230735.2 -            4.2e-34  111.8   2.2   4.9e-34  111.6   2.2   1.0   1   0   0   1   1   1   1 -
WP_007110066.1@GCF_000731985.1    -          WP_006183086.1@GCF_000230735.2 -            5.6e-31  101.5   2.9   6.3e-31  101.3   1.9   1.4   1   1   1   2   2   2   1 -
WP_008456196.1@GCF_000337175.1    -          WP_006183086.1@GCF_000230735.2 -            1.9e-30   99.8   3.3   2.1e-30   99.6   1.7   1.7   1   1   1   2   2   2   1 -
WP_008456194.1@GCF_000337175.1    -          WP_006183086.1@GCF_000230735.2 -            2.6e-30   99.3   2.2   3.2e-30   99.0   2.2   1.0   1   0   0   1   1   1   1 -
WP_007110064.1@GCF_000731985.1    -          WP_006183086.1@GCF_000230735.2 -            4.1e-30   98.7   2.2     5e-30   98.4   2.2   1.0   1   0   0   1   1   1   1 -
WP_004043237.1@GCF_000025685.1    -          WP_006183086.1@GCF_000230735.2 -            1.5e-27   90.3   2.7   1.9e-27   89.9   2.7   1.0   1   0   0   1   1   1   1 -
WP_015299278.1@GCF_000230735.2    -          WP_006183086.1@GCF_000230735.2 -            1.4e-25   83.8   2.3   1.8e-25   83.4   1.9   1.3   1   1   0   1   1   1   1 -
WP_110516875.1@GCF_003226345.1    -          WP_006183086.1@GCF_000230735.2 -            3.6e-25   82.4   0.0   4.3e-25   82.2   0.0   1.0   1   0   0   1   1   1   1 -
NZ_LR134263.1_331@GCF_900636325.1 -          WP_006183086.1@GCF_000230735.2 -            1.8e-17   57.2   0.0   2.3e-17   56.8   0.0   1.0   1   0   0   1   1   1   1 -
WP_006183087.1@GCF_000230735.2 -          WP_006183087.1@GCF_000230735.2 -            2.7e-66  213.7   6.1     3e-66  213.6   6.1   1.0   1   0   0   1   1   1   1 -
WP_007110052.1@GCF_000731985.1 -          WP_006183087.1@GCF_000230735.2 -            9.7e-45  144.6   1.4   1.1e-44  144.5   1.4   1.0   1   0   0   1   1   1   1 -
WP_008456173.1@GCF_000337175.1 -          WP_006183087.1@GCF_000230735.2 -            1.7e-36  118.2   0.3     2e-36  118.0   0.3   1.1   1   0   0   1   1   1   1 -
WP_006183088.1@GCF_000230735.2 -          WP_006183088.1@GCF_000230735.2 -            1.8e-34  110.2  22.0   1.9e-34  110.1  22.0   1.0   1   0   0   1   1   1   1 -
WP_007110051.1@GCF_000731985.1 -          WP_006183088.1@GCF_000230735.2 -              6e-16   52.1  18.5   6.4e-16   52.0  18.5   1.1   1   0   0   1   1   1   1 -
WP_172637306.1@GCF_000230735.2 -          WP_172637306.1@GCF_000230735.2 -                  0 1323.7  33.4         0 1323.5  33.4   1.0   1   0   0   1   1   1   1 -
WP_007110050.1@GCF_000731985.1 -          WP_172637306.1@GCF_000230735.2 -                  0 1192.8  31.4         0 1192.7  31.4   1.0   1   0   0   1   1   1   1 -
WP_014862879.1@GCF_000337175.1 -          WP_172637306.1@GCF_000230735.2 -                  0 1189.6  31.9         0 1189.5  31.9   1.0   1   0   0   1   1   1   1 -
WP_110516904.1@GCF_003226345.1 -          WP_172637306.1@GCF_000230735.2 -            1.2e-16   54.0  27.5   5.5e-12   38.7   9.3   3.1   2   1   0   2   2   2   2 -
WP_006183090.1@GCF_000230735.2 -          WP_006183090.1@GCF_000230735.2 -            1.2e-59  191.8  11.7   1.3e-59  191.7  11.7   1.0   1   0   0   1   1   1   1 -
WP_008456168.1@GCF_000337175.1 -          WP_006183090.1@GCF_000230735.2 -            2.1e-42  136.7  13.0   2.5e-42  136.4  13.0   1.1   1   0   0   1   1   1   1 -
WP_007110049.1@GCF_000731985.1 -          WP_006183090.1@GCF_000230735.2 -            7.3e-42  135.0  11.1     9e-42  134.7  11.1   1.1   1   0   0   1   1   1   1 -
WP_006183091.1@GCF_000230735.2 -          WP_006183091.1@GCF_000230735.2 -           4.4e-108  351.8  10.3  4.8e-108  351.7  10.3   1.0   1   0   0   1   1   1   1 -
WP_007110048.1@GCF_000731985.1 -          WP_006183091.1@GCF_000230735.2 -            1.1e-82  269.3   9.7   1.2e-82  269.1   9.7   1.0   1   0   0   1   1   1   1 -
WP_008456167.1@GCF_000337175.1 -          WP_006183091.1@GCF_000230735.2 -              3e-78  254.8   7.9   3.4e-78  254.6   7.9   1.0   1   0   0   1   1   1   1 -
WP_004043219.1@GCF_000025685.1 -          WP_004043219.1@GCF_000025685.1 -                  0 1032.4  16.3         0 1032.3  16.3   1.0   1   0   0   1   1   1   1 -
WP_013035193.1@GCF_000025685.1 -          WP_013035193.1@GCF_000025685.1 -                  0 1260.1  39.6         0 1260.0  39.6   1.0   1   0   0   1   1   1   1 -
WP_004043221.1@GCF_000025685.1 -          WP_004043221.1@GCF_000025685.1 -                  0 1093.4  16.9         0 1093.3  16.9   1.0   1   0   0   1   1   1   1 -
WP_004043222.1@GCF_000025685.1 -          WP_004043222.1@GCF_000025685.1 -           9.9e-303  996.9   6.8  1.1e-302  996.8   6.8   1.0   1   0   0   1   1   1   1 -
WP_004043223.1@GCF_000025685.1 -          WP_004043223.1@GCF_000025685.1 -           4.9e-111  361.4   6.4  5.4e-111  361.3   6.4   1.0   1   0   0   1   1   1   1 -
WP_004043225.1@GCF_000025685.1 -          WP_004043225.1@GCF_000025685.1 -           1.3e-154  505.6   5.4  1.4e-154  505.4   5.4   1.0   1   0   0   1   1   1   1 -
WP_004043226.1@GCF_000025685.1 -          WP_004043226.1@GCF_000025685.1 -           3.3e-200  657.3  21.3  3.7e-200  657.1  21.3   1.0   1   0   0   1   1   1   1 -
WP_015299281.1@GCF_000230735.2 -          WP_004043226.1@GCF_000025685.1 -            1.2e-44  146.8  20.9   1.5e-44  146.4  20.9   1.1   1   0   0   1   1   1   1 -
WP_007110057.1@GCF_000731985.1 -          WP_004043226.1@GCF_000025685.1 -            2.5e-39  129.2  21.9   4.4e-39  128.5  21.9   1.4   1   1   0   1   1   1   1 -
WP_241432498.1@GCF_000337175.1 -          WP_004043226.1@GCF_000025685.1 -            2.8e-25   83.1  14.4   3.7e-25   82.8  14.4   1.2   1   0   0   1   1   1   1 -
WP_004043227.1@GCF_000025685.1 -          WP_004043227.1@GCF_000025685.1 -           1.9e-179  587.8   3.9  2.1e-179  587.7   3.9   1.0   1   0   0   1   1   1   1 -
WP_007110058.1@GCF_000731985.1 -          WP_004043227.1@GCF_000025685.1 -            6.3e-14   45.6   0.0   8.2e-14   45.2   0.0   1.0   1   0   0   1   1   1   1 -
WP_006183081.1@GCF_000230735.2 -          WP_004043227.1@GCF_000025685.1 -            3.8e-10   33.2   0.0   4.9e-10   32.8   0.0   1.0   1   0   0   1   1   1   1 -
WP_004043228.1@GCF_000025685.1 -          WP_004043228.1@GCF_000025685.1 -            2.5e-43  137.8   0.1   2.8e-43  137.7   0.1   1.0   1   0   0   1   1   1   1 -
WP_171810344.1@GCF_000025685.1 -          WP_171810344.1@GCF_000025685.1 -            2.2e-82  266.7   7.2   2.4e-82  266.5   7.2   1.0   1   0   0   1   1   1   1 -
WP_049914850.1@GCF_000025685.1 -          WP_049914850.1@GCF_000025685.1 -            3.3e-46  148.0   7.8   3.6e-46  147.9   7.8   1.0   1   0   0   1   1   1   1 -
WP_006183080.1@GCF_000230735.2 -          WP_049914850.1@GCF_000025685.1 -              2e-10   34.7   1.5   2.1e-10   34.6   1.5   1.0   1   0   0   1   1   1   1 -
WP_049888469.1@GCF_000337175.1 -          WP_049914850.1@GCF_000025685.1 -            5.6e-09   30.1   1.1   6.8e-09   29.8   1.1   1.0   1   0   0   1   1   1   1 -
WP_007110059.1@GCF_000731985.1 -          WP_049914850.1@GCF_000025685.1 -            2.1e-08   28.3   0.9   2.2e-08   28.2   0.9   1.0   1   0   0   1   1   1   1 -
WP_004043231.1@GCF_000025685.1 -          WP_004043231.1@GCF_000025685.1 -           1.7e-197  648.4  31.1  1.9e-197  648.2  31.1   1.0   1   0   0   1   1   1   1 -
WP_004043232.1@GCF_000025685.1 -          WP_004043232.1@GCF_000025685.1 -            2.9e-77  249.9   2.3   3.2e-77  249.7   2.3   1.0   1   0   0   1   1   1   1 -
WP_004043233.1@GCF_000025685.1 -          WP_004043233.1@GCF_000025685.1 -            1.3e-65  211.9  11.0   1.4e-65  211.7  11.0   1.0   1   0   0   1   1   1   1 -
WP_049914851.1@GCF_000025685.1 -          WP_049914851.1@GCF_000025685.1 -           5.4e-137  448.2  35.2    6e-137  448.1  35.2   1.0   1   0   0   1   1   1   1 -
WP_236995443.1@GCF_000025685.1 -          WP_236995443.1@GCF_000025685.1 -           9.1e-155  506.7  14.9    1e-154  506.5  14.9   1.0   1   0   0   1   1   1   1 -
WP_013035087.1@GCF_000025685.1 -          WP_013035087.1@GCF_000025685.1 -           2.3e-189  621.8  28.1  2.6e-189  621.7  28.1   1.0   1   0   0   1   1   1   1 -
WP_008456197.1@GCF_000337175.1 -          WP_013035087.1@GCF_000025685.1 -            5.6e-18   59.3  25.4   1.1e-15   51.8  25.4   2.2   1   1   0   1   1   1   1 -
WP_006183072.1@GCF_000230735.2 -          WP_013035087.1@GCF_000025685.1 -            2.5e-17   57.2  26.9   2.7e-16   53.8  26.9   2.0   1   1   0   1   1   1   1 -
WP_007110067.1@GCF_000731985.1 -          WP_013035087.1@GCF_000025685.1 -              6e-16   52.6  26.7   6.7e-14   45.9  26.7   2.2   1   1   0   1   1   1   1 -
WP_004043237.1@GCF_000025685.1    -          WP_004043237.1@GCF_000025685.1 -           2.1e-165  541.6  10.4  2.3e-165  541.4  10.4   1.0   1   0   0   1   1   1   1 -
WP_007110066.1@GCF_000731985.1    -          WP_004043237.1@GCF_000025685.1 -            7.6e-85  277.8   4.5   7.6e-85  277.8   4.5   1.6   2   0   0   2   2   2   1 -
WP_008456196.1@GCF_000337175.1    -          WP_004043237.1@GCF_000025685.1 -            1.2e-84  277.2   4.6   1.2e-84  277.2   4.6   1.4   2   0   0   2   2   2   1 -
WP_015299278.1@GCF_000230735.2    -          WP_004043237.1@GCF_000025685.1 -            3.5e-84  275.6   4.7   3.5e-84  275.6   4.7   1.4   2   0   0   2   2   2   1 -
WP_006183086.1@GCF_000230735.2    -          WP_004043237.1@GCF_000025685.1 -              1e-27   90.7   2.0   1.6e-27   90.1   2.0   1.3   1   0   0   1   1   1   1 -
WP_008456175.1@GCF_000337175.1    -          WP_004043237.1@GCF_000025685.1 -            2.5e-25   82.9   3.0   3.8e-25   82.3   3.0   1.2   1   0   0   1   1   1   1 -
WP_007110053.1@GCF_000731985.1    -          WP_004043237.1@GCF_000025685.1 -            4.5e-25   82.1   4.2   6.4e-25   81.6   4.2   1.2   1   0   0   1   1   1   1 -
WP_007110064.1@GCF_000731985.1    -          WP_004043237.1@GCF_000025685.1 -            6.9e-22   71.6   5.3   8.6e-22   71.3   5.3   1.1   1   0   0   1   1   1   1 -
WP_008456194.1@GCF_000337175.1    -          WP_004043237.1@GCF_000025685.1 -            7.3e-22   71.6   6.2   9.3e-22   71.2   6.2   1.1   1   0   0   1   1   1   1 -
WP_006183075.1@GCF_000230735.2    -          WP_004043237.1@GCF_000025685.1 -            2.2e-20   66.7   3.9   2.8e-20   66.4   3.9   1.1   1   0   0   1   1   1   1 -
WP_110516875.1@GCF_003226345.1    -          WP_004043237.1@GCF_000025685.1 -            2.3e-15   50.3   0.1   2.5e-14   46.9   0.1   1.9   1   1   0   1   1   1   1 -
NZ_LR134263.1_331@GCF_900636325.1 -          WP_004043237.1@GCF_000025685.1 -            1.2e-09   31.6   0.0   1.4e-05   18.3   0.0   2.0   2   0   0   2   2   2   2 -
WP_004043238.1@GCF_000025685.1 -          WP_004043238.1@GCF_000025685.1 -           2.9e-129  421.9   3.0  3.3e-129  421.8   3.0   1.0   1   0   0   1   1   1   1 -
WP_167386221.1@GCF_002902305.1 -          WP_167386221.1@GCF_002902305.1 -            5.2e-49  156.5   3.7   5.7e-49  156.4   3.7   1.0   1   0   0   1   1   1   1 -
WP_103370989.1@GCF_002902305.1 -          WP_103370989.1@GCF_002902305.1 -                  0 1183.9   7.9         0 1183.8   7.9   1.0   1   0   0   1   1   1   1 -
WP_103370990.1@GCF_002902305.1 -          WP_103370990.1@GCF_002902305.1 -           8.9e-176  576.1  16.5  9.9e-176  575.9  16.5   1.0   1   0   0   1   1   1   1 -
WP_103370991.1@GCF_002902305.1 -          WP_103370991.1@GCF_002902305.1 -                  0 1417.4  51.5         0 1417.2  51.5   1.0   1   0   0   1   1   1   1 -
WP_049406746.1@GCF_002902305.1 -          WP_049406746.1@GCF_002902305.1 -           1.5e-291  960.0  33.0  1.7e-291  959.8  33.0   1.0   1   0   0   1   1   1   1 -
WP_103370992.1@GCF_002902305.1 -          WP_103370992.1@GCF_002902305.1 -                  0 1161.1   9.3         0 1161.0   9.3   1.0   1   0   0   1   1   1   1 -
WP_103370993.1@GCF_002902305.1      -          WP_103370993.1@GCF_002902305.1 -           3.5e-169  554.2  10.9  3.9e-169  554.0  10.9   1.0   1   0   0   1   1   1   1 -
WP_103159623.1@GCF_002901945.1      -          WP_103370993.1@GCF_002902305.1 -           1.2e-134  441.1   8.6  1.3e-134  441.0   8.6   1.0   1   0   0   1   1   1   1 -
WP_002456424.1@GCF_006742205.1      -          WP_103370993.1@GCF_002902305.1 -           4.6e-133  435.9  11.0  5.1e-133  435.8  11.0   1.0   1   0   0   1   1   1   1 -
NZ_PPQH01000083.1_2@GCF_002902385.1 -          WP_103370993.1@GCF_002902305.1 -           1.2e-131  431.3   9.2  1.3e-131  431.2   9.2   1.0   1   0   0   1   1   1   1 -
NZ_LR134263.1_321@GCF_900636325.1   -          WP_103370993.1@GCF_002902305.1 -            7.7e-74  242.0   5.7   8.5e-74  241.9   5.7   1.0   1   0   0   1   1   1   1 -
WP_110516892.1@GCF_003226345.1      -          WP_103370993.1@GCF_002902305.1 -            1.1e-36  120.5   0.1   1.3e-36  120.1   0.1   1.1   1   0   0   1   1   1   1 -
WP_082233103.1@GCF_900166625.1      -          WP_103370993.1@GCF_002902305.1 -            9.9e-36  117.3   9.8   1.5e-35  116.7   9.8   1.3   1   1   0   1   1   1   1 -
WP_058381518.1@GCF_001465795.2      -          WP_103370993.1@GCF_002902305.1 -            4.8e-35  115.0  19.8   3.4e-34  112.3  19.8   1.9   1   1   0   1   1   1   1 -
WP_186303058.1@GCF_002902305.1 -          WP_186303058.1@GCF_002902305.1 -           1.3e-129  422.7   3.0  1.5e-129  422.5   3.0   1.0   1   0   0   1   1   1   1 -
WP_103370994.1@GCF_002902305.1 -          WP_103370994.1@GCF_002902305.1 -            1.6e-45  145.1   3.7   1.8e-45  144.9   3.7   1.0   1   0   0   1   1   1   1 -
WP_103370995.1@GCF_002902305.1 -          WP_103370995.1@GCF_002902305.1 -           1.6e-224  737.2  11.1  1.8e-224  737.1  11.1   1.0   1   0   0   1   1   1   1 -
WP_002471890.1@GCF_002902305.1 -          WP_002471890.1@GCF_002902305.1 -            3.2e-39  124.7   1.0   3.5e-39  124.6   1.0   1.0   1   0   0   1   1   1   1 -
WP_103370512.1@GCF_002902305.1 -          WP_103370512.1@GCF_002902305.1 -           3.3e-123  402.8  27.8  3.7e-123  402.6  27.8   1.0   1   0   0   1   1   1   1 -
WP_103370996.1@GCF_002902305.1 -          WP_103370996.1@GCF_002902305.1 -           3.2e-241  793.1  63.2  3.5e-241  792.9  63.2   1.0   1   0   0   1   1   1   1 -
WP_103370997.1@GCF_002902305.1 -          WP_103370997.1@GCF_002902305.1 -            1.2e-88  287.6   3.5   1.4e-88  287.4   3.5   1.0   1   0   0   1   1   1   1 -
WP_103370999.1@GCF_002902305.1 -          WP_103370999.1@GCF_002902305.1 -           1.5e-137  449.3   2.2  1.6e-137  449.2   2.2   1.0   1   0   0   1   1   1   1 -
WP_070502992.1@GCF_002902305.1 -          WP_070502992.1@GCF_002902305.1 -           3.3e-207  680.2  18.0  3.6e-207  680.1  18.0   1.0   1   0   0   1   1   1   1 -
WP_103371000.1@GCF_002902305.1 -          WP_103371000.1@GCF_002902305.1 -                  0 1021.1   8.6         0 1021.0   8.6   1.0   1   0   0   1   1   1   1 -
WP_103159623.1@GCF_002901945.1      -          WP_103159623.1@GCF_002901945.1 -           6.4e-169  553.3   9.0  7.1e-169  553.1   9.0   1.0   1   0   0   1   1   1   1 -
NZ_PPQH01000083.1_2@GCF_002902385.1 -          WP_103159623.1@GCF_002901945.1 -           1.2e-146  480.3   8.6  1.4e-146  480.2   8.6   1.0   1   0   0   1   1   1   1 -
WP_002456424.1@GCF_006742205.1      -          WP_103159623.1@GCF_002901945.1 -           6.5e-138  451.8  10.3  7.2e-138  451.6  10.3   1.0   1   0   0   1   1   1   1 -
WP_103370993.1@GCF_002902305.1      -          WP_103159623.1@GCF_002901945.1 -           1.5e-134  440.7   9.5  1.7e-134  440.6   9.5   1.0   1   0   0   1   1   1   1 -
NZ_LR134263.1_321@GCF_900636325.1   -          WP_103159623.1@GCF_002901945.1 -            3.3e-80  262.8   5.7   3.7e-80  262.7   5.7   1.0   1   0   0   1   1   1   1 -
WP_058381518.1@GCF_001465795.2      -          WP_103159623.1@GCF_002901945.1 -            9.1e-39  127.2  19.9   3.5e-38  125.3  19.9   1.7   1   1   0   1   1   1   1 -
WP_110516892.1@GCF_003226345.1      -          WP_103159623.1@GCF_002901945.1 -            2.6e-38  125.7   0.2   3.3e-38  125.4   0.2   1.1   1   0   0   1   1   1   1 -
WP_082233103.1@GCF_900166625.1      -          WP_103159623.1@GCF_002901945.1 -            6.6e-35  114.5  13.0   1.1e-34  113.8  13.0   1.3   1   1   0   1   1   1   1 -
NZ_LR134263.1_316@GCF_900636325.1 -          NZ_LR134263.1_316@GCF_900636325.1 -            8.1e-82  264.6   2.0     9e-82  264.4   2.0   1.0   1   0   0   1   1   1   1 -
NZ_LR134263.1_317@GCF_900636325.1 -          NZ_LR134263.1_317@GCF_900636325.1 -                  0 1103.1  25.5         0 1103.0  25.5   1.0   1   0   0   1   1   1   1 -
NZ_LR134263.1_318@GCF_900636325.1 -          NZ_LR134263.1_318@GCF_900636325.1 -                  0 1320.9  38.3         0 1320.7  38.3   1.0   1   0   0   1   1   1   1 -
NZ_LR134263.1_319@GCF_900636325.1 -          NZ_LR134263.1_319@GCF_900636325.1 -                  0 1510.2  60.0         0 1510.0  60.0   1.0   1   0   0   1   1   1   1 -
NZ_LR134263.1_320@GCF_900636325.1 -          NZ_LR134263.1_320@GCF_900636325.1 -                  0 2075.4  17.7         0 2075.2  17.7   1.0   1   0   0   1   1   1   1 -
WP_179133982.1@GCF_900166625.1    -          NZ_LR134263.1_320@GCF_900636325.1 -           2.7e-118  389.8  20.2   1.4e-66  218.8   4.1   2.5   1   1   0   2   2   2   2 -
NZ_LR134263.1_321@GCF_900636325.1   -          NZ_LR134263.1_321@GCF_900636325.1 -            6.3e-87  282.2   6.3   6.9e-87  282.0   6.3   1.0   1   0   0   1   1   1   1 -
WP_103159623.1@GCF_002901945.1      -          NZ_LR134263.1_321@GCF_900636325.1 -            1.4e-80  261.7   5.7   1.4e-80  261.7   5.7   1.7   2   0   0   2   2   2   1 -
NZ_PPQH01000083.1_2@GCF_002902385.1 -          NZ_LR134263.1_321@GCF_900636325.1 -              2e-79  257.9   5.7   2.9e-79  257.4   5.7   1.2   1   0   0   1   1   1   1 -
WP_103370993.1@GCF_002902305.1      -          NZ_LR134263.1_321@GCF_900636325.1 -            1.9e-74  241.8   5.8   3.6e-74  240.9   5.8   1.5   1   0   0   1   1   1   1 -
WP_002456424.1@GCF_006742205.1      -          NZ_LR134263.1_321@GCF_900636325.1 -            3.2e-74  241.0   6.6   3.2e-74  241.0   6.6   1.5   2   0   0   2   2   2   1 -
WP_110516892.1@GCF_003226345.1      -          NZ_LR134263.1_321@GCF_900636325.1 -              1e-23   77.6   0.6   1.9e-23   76.8   0.6   1.5   1   0   0   1   1   1   1 -
WP_058381518.1@GCF_001465795.2      -          NZ_LR134263.1_321@GCF_900636325.1 -            2.2e-18   60.4  15.9   6.4e-18   58.9  15.9   1.9   1   1   0   1   1   1   1 -
WP_082233103.1@GCF_900166625.1      -          NZ_LR134263.1_321@GCF_900636325.1 -            2.3e-18   60.3  13.5   4.9e-18   59.2  13.5   1.7   1   1   0   1   1   1   1 -
NZ_LR134263.1_322@GCF_900636325.1 -          NZ_LR134263.1_322@GCF_900636325.1 -           1.4e-139  455.8   2.8  1.6e-139  455.6   2.8   1.0   1   0   0   1   1   1   1 -
NZ_LR134263.1_323@GCF_900636325.1 -          NZ_LR134263.1_323@GCF_900636325.1 -             1e-259  853.8  14.3  1.1e-259  853.6  14.3   1.0   1   0   0   1   1   1   1 -
NZ_LR134263.1_324@GCF_900636325.1 -          NZ_LR134263.1_324@GCF_900636325.1 -           3.9e-128  418.0   9.2  4.3e-128  417.8   9.2   1.0   1   0   0   1   1   1   1 -
NZ_LR134263.1_325@GCF_900636325.1 -          NZ_LR134263.1_325@GCF_900636325.1 -            9.1e-63  202.3   5.1     1e-62  202.2   5.1   1.0   1   0   0   1   1   1   1 -
NZ_LR134263.1_326@GCF_900636325.1 -          NZ_LR134263.1_326@GCF_900636325.1 -            5.7e-94  305.2   8.6   6.3e-94  305.1   8.6   1.0   1   0   0   1   1   1   1 -
NZ_LR134263.1_327@GCF_900636325.1 -          NZ_LR134263.1_327@GCF_900636325.1 -           1.7e-169  554.8   3.3  1.9e-169  554.7   3.3   1.0   1   0   0   1   1   1   1 -
NZ_LR134263.1_328@GCF_900636325.1 -          NZ_LR134263.1_328@GCF_900636325.1 -                  0 1108.1  12.0         0 1107.9  12.0   1.0   1   0   0   1   1   1   1 -
NZ_LR134263.1_329@GCF_900636325.1 -          NZ_LR134263.1_329@GCF_900636325.1 -           2.2e-213  700.8  15.0  2.5e-213  700.7  15.0   1.0   1   0   0   1   1   1   1 -
NZ_LR134263.1_330@GCF_900636325.1 -          NZ_LR134263.1_330@GCF_900636325.1 -           5.5e-181  593.4  13.0  6.2e-181  593.2  13.0   1.0   1   0   0   1   1   1   1 -
NZ_LR134263.1_331@GCF_900636325.1 -          NZ_LR134263.1_331@GCF_900636325.1 -           1.6e-174  572.1   8.0  1.8e-174  571.9   8.0   1.0   1   0   0   1   1   1   1 -
WP_110516875.1@GCF_003226345.1    -          NZ_LR134263.1_331@GCF_900636325.1 -            1.3e-23   77.9   0.3   4.8e-23   76.0   0.3   1.8   1   1   0   1   1   1   1 -
WP_006183086.1@GCF_000230735.2    -          NZ_LR134263.1_331@GCF_900636325.1 -            3.1e-17   57.0   0.0   4.7e-17   56.4   0.0   1.2   1   0   0   1   1   1   1 -
WP_007110053.1@GCF_000731985.1    -          NZ_LR134263.1_331@GCF_900636325.1 -            1.6e-15   51.4   0.0   2.2e-15   51.0   0.0   1.1   1   0   0   1   1   1   1 -
WP_006183075.1@GCF_000230735.2    -          NZ_LR134263.1_331@GCF_900636325.1 -              6e-15   49.5   0.0   8.8e-15   49.0   0.0   1.2   1   0   0   1   1   1   1 -
WP_008456175.1@GCF_000337175.1    -          NZ_LR134263.1_331@GCF_900636325.1 -            7.5e-15   49.2   0.0     1e-14   48.7   0.0   1.1   1   0   0   1   1   1   1 -
WP_008456194.1@GCF_000337175.1    -          NZ_LR134263.1_331@GCF_900636325.1 -            1.1e-14   48.7   0.0   1.7e-14   48.0   0.0   1.2   1   0   0   1   1   1   1 -
WP_007110064.1@GCF_000731985.1    -          NZ_LR134263.1_331@GCF_900636325.1 -            3.2e-14   47.2   0.0     5e-14   46.5   0.0   1.2   1   0   0   1   1   1   1 -
WP_008456196.1@GCF_000337175.1    -          NZ_LR134263.1_331@GCF_900636325.1 -            1.4e-11   38.5   0.0   4.3e-10   33.6   0.0   2.1   1   1   0   1   1   1   1 -
WP_007110066.1@GCF_000731985.1    -          NZ_LR134263.1_331@GCF_900636325.1 -            2.6e-11   37.6   0.0   8.4e-10   32.7   0.0   2.1   1   1   0   1   1   1   1 -
WP_004043237.1@GCF_000025685.1    -          NZ_LR134263.1_331@GCF_900636325.1 -            1.4e-09   31.9   0.1   7.3e-08   26.3   0.1   2.1   1   1   0   1   1   1   1 -
WP_015299278.1@GCF_000230735.2    -          NZ_LR134263.1_331@GCF_900636325.1 -            3.1e-09   30.8   0.0   1.9e-07   25.0   0.0   2.3   1   1   0   1   1   1   1 -
WP_001829861.1@GCF_006742205.1 -          WP_001829861.1@GCF_006742205.1 -           1.4e-131  430.3  15.0  1.5e-131  430.2  15.0   1.0   1   0   0   1   1   1   1 -
WP_001829811.1@GCF_006742205.1 -          WP_001829811.1@GCF_006742205.1 -           2.8e-112  366.1  12.2  3.1e-112  365.9  12.2   1.0   1   0   0   1   1   1   1 -
WP_002456355.1@GCF_006742205.1 -          WP_002456355.1@GCF_006742205.1 -           1.6e-245  807.1   1.5  1.8e-245  806.9   1.5   1.0   1   0   0   1   1   1   1 -
WP_001829846.1@GCF_006742205.1 -          WP_001829846.1@GCF_006742205.1 -           6.1e-216  709.2   8.4  6.9e-216  709.0   8.4   1.0   1   0   0   1   1   1   1 -
WP_002469574.1@GCF_006742205.1 -          WP_002469574.1@GCF_006742205.1 -                  0 1050.7   4.4         0 1050.5   4.4   1.0   1   0   0   1   1   1   1 -
WP_001832974.1@GCF_006742205.1 -          WP_001832974.1@GCF_006742205.1 -             6e-127  414.5  10.1  6.6e-127  414.3  10.1   1.0   1   0   0   1   1   1   1 -
WP_002456422.1@GCF_006742205.1 -          WP_002456422.1@GCF_006742205.1 -           3.1e-110  358.6   2.0  3.4e-110  358.4   2.0   1.0   1   0   0   1   1   1   1 -
WP_002456423.1@GCF_006742205.1 -          WP_002456423.1@GCF_006742205.1 -            1.6e-46  148.4   1.2   1.8e-46  148.3   1.2   1.0   1   0   0   1   1   1   1 -
WP_002456424.1@GCF_006742205.1      -          WP_002456424.1@GCF_006742205.1 -           6.2e-169  553.2  12.2  6.9e-169  553.0  12.2   1.0   1   0   0   1   1   1   1 -
WP_103159623.1@GCF_002901945.1      -          WP_002456424.1@GCF_006742205.1 -             4e-138  452.3   9.6  4.5e-138  452.2   9.6   1.0   1   0   0   1   1   1   1 -
WP_103370993.1@GCF_002902305.1      -          WP_002456424.1@GCF_006742205.1 -           3.6e-133  436.1  11.1    4e-133  435.9  11.1   1.0   1   0   0   1   1   1   1 -
NZ_PPQH01000083.1_2@GCF_002902385.1 -          WP_002456424.1@GCF_006742205.1 -             2e-130  427.1  10.0  2.2e-130  427.0  10.0   1.0   1   0   0   1   1   1   1 -
NZ_LR134263.1_321@GCF_900636325.1   -          WP_002456424.1@GCF_006742205.1 -            4.9e-74  242.5   6.1   5.4e-74  242.4   6.1   1.0   1   0   0   1   1   1   1 -
WP_110516892.1@GCF_003226345.1      -          WP_002456424.1@GCF_006742205.1 -            1.5e-38  126.3   0.2   1.9e-38  126.0   0.2   1.1   1   0   0   1   1   1   1 -
WP_058381518.1@GCF_001465795.2      -          WP_002456424.1@GCF_006742205.1 -            7.2e-34  111.0  22.4   3.6e-33  108.7  22.4   1.8   1   1   0   1   1   1   1 -
WP_082233103.1@GCF_900166625.1      -          WP_002456424.1@GCF_006742205.1 -            4.9e-32  105.0  17.3     1e-31  103.9  17.3   1.4   1   1   0   1   1   1   1 -
WP_049387519.1@GCF_006742205.1 -          WP_049387519.1@GCF_006742205.1 -              2e-62  201.0   6.0   2.2e-62  200.9   6.0   1.0   1   0   0   1   1   1   1 -
WP_002456427.1@GCF_006742205.1 -          WP_002456427.1@GCF_006742205.1 -           2.4e-147  481.8  11.7  2.6e-147  481.6  11.7   1.0   1   0   0   1   1   1   1 -
WP_002456429.1@GCF_006742205.1 -          WP_002456429.1@GCF_006742205.1 -                  0 1080.7   4.3         0 1080.5   4.3   1.0   1   0   0   1   1   1   1 -
WP_001829851.1@GCF_006742205.1 -          WP_001829851.1@GCF_006742205.1 -           6.6e-228  748.6   2.3  7.4e-228  748.4   2.3   1.0   1   0   0   1   1   1   1 -
WP_002457867.1@GCF_006742205.1 -          WP_002457867.1@GCF_006742205.1 -            2.4e-58  187.7   2.2   2.7e-58  187.6   2.2   1.0   1   0   0   1   1   1   1 -
WP_002456430.1@GCF_006742205.1 -          WP_002456430.1@GCF_006742205.1 -           5.2e-108  351.2   3.8  5.7e-108  351.1   3.8   1.0   1   0   0   1   1   1   1 -
WP_002456431.1@GCF_006742205.1 -          WP_002456431.1@GCF_006742205.1 -           7.5e-182  596.2   7.2  8.4e-182  596.0   7.2   1.0   1   0   0   1   1   1   1 -
WP_002489635.1@GCF_006742205.1 -          WP_002489635.1@GCF_006742205.1 -                  0 1219.9   9.7         0 1219.7   9.7   1.0   1   0   0   1   1   1   1 -
NZ_PPQH01000083.1_1@GCF_002902385.1 -          NZ_PPQH01000083.1_1@GCF_002902385.1 -              6e-16   47.8   0.3   6.2e-16   47.8   0.3   1.0   1   0   0   1   1   1   1 -
NZ_PPQH01000083.1_2@GCF_002902385.1 -          NZ_PPQH01000083.1_2@GCF_002902385.1 -             3e-159  521.4   8.8  3.3e-159  521.2   8.8   1.0   1   0   0   1   1   1   1 -
WP_103159623.1@GCF_002901945.1      -          NZ_PPQH01000083.1_2@GCF_002902385.1 -           1.5e-146  479.8   8.5  1.7e-146  479.6   8.5   1.0   1   0   0   1   1   1   1 -
WP_103370993.1@GCF_002902305.1      -          NZ_PPQH01000083.1_2@GCF_002902385.1 -             2e-131  430.3  10.2  2.3e-131  430.2  10.2   1.0   1   0   0   1   1   1   1 -
WP_002456424.1@GCF_006742205.1      -          NZ_PPQH01000083.1_2@GCF_002902385.1 -           5.3e-130  425.7  11.0    6e-130  425.5  11.0   1.0   1   0   0   1   1   1   1 -
NZ_LR134263.1_321@GCF_900636325.1   -          NZ_PPQH01000083.1_2@GCF_002902385.1 -            6.9e-79  258.5   5.7   7.6e-79  258.3   5.7   1.0   1   0   0   1   1   1   1 -
WP_110516892.1@GCF_003226345.1      -          NZ_PPQH01000083.1_2@GCF_002902385.1 -            3.1e-38  125.5   0.4   3.9e-38  125.1   0.4   1.1   1   0   0   1   1   1   1 -
WP_082233103.1@GCF_900166625.1      -          NZ_PPQH01000083.1_2@GCF_002902385.1 -            6.6e-34  111.3  14.7   1.3e-33  110.4  14.7   1.4   1   1   0   1   1   1   1 -
WP_058381518.1@GCF_001465795.2      -          NZ_PPQH01000083.1_2@GCF_002902385.1 -            2.9e-33  109.2  21.9   1.3e-32  107.1  21.9   1.8   1   1   0   1   1   1   1 -
NZ_PPQH01000083.1_3@GCF_002902385.1 -          NZ_PPQH01000083.1_3@GCF_002902385.1 -                  0 1496.9  23.6         0 1496.7  23.6   1.0   1   0   0   1   1   1   1 -
NZ_PPQH01000083.1_4@GCF_002902385.1 -          NZ_PPQH01000083.1_4@GCF_002902385.1 -                  0 1065.4  33.7         0 1065.3  33.7   1.0   1   0   0   1   1   1   1 -
WP_082233097.1@GCF_900166625.1 -          WP_082233097.1@GCF_900166625.1 -           5.3e-182  596.2   3.3  5.9e-182  596.0   3.3   1.0   1   0   0   1   1   1   1 -
WP_082233102.1@GCF_900166625.1 -          WP_082233097.1@GCF_900166625.1 -            1.2e-17   57.6   0.2   2.1e-17   56.8   0.2   1.4   1   1   0   1   1   1   1 -
WP_082233110.1@GCF_900166625.1 -          WP_082233097.1@GCF_900166625.1 -            2.4e-11   37.0   0.2   3.1e-11   36.6   0.2   1.1   1   0   0   1   1   1   1 -
WP_179133981.1@GCF_900166625.1 -          WP_179133981.1@GCF_900166625.1 -            5.9e-32  100.5   1.6   6.4e-32  100.4   1.6   1.0   1   0   0   1   1   1   1 -
WP_082233098.1@GCF_900166625.1 -          WP_082233098.1@GCF_900166625.1 -           1.3e-295  974.1  50.1  1.5e-295  973.9  50.1   1.0   1   0   0   1   1   1   1 -
WP_179133982.1@GCF_900166625.1    -          WP_179133982.1@GCF_900166625.1 -                  0 1617.7  24.8         0 1617.6  24.8   1.0   1   0   0   1   1   1   1 -
NZ_LR134263.1_320@GCF_900636325.1 -          WP_179133982.1@GCF_900166625.1 -             1e-117  388.1  25.3   2.5e-65  214.9   7.5   3.2   1   1   3   4   4   4   4 -
WP_082233099.1@GCF_900166625.1 -          WP_082233099.1@GCF_900166625.1 -           6.1e-178  583.7  14.1  6.9e-178  583.6  14.1   1.0   1   0   0   1   1   1   1 -
WP_082233109.1@GCF_900166625.1 -          WP_082233099.1@GCF_900166625.1 -            1.2e-32  107.3   3.8   1.4e-32  107.0   3.8   1.0   1   0   0   1   1   1   1 -
WP_082233100.1@GCF_900166625.1 -          WP_082233100.1@GCF_900166625.1 -           1.6e-213  701.5  20.3  1.8e-213  701.3  20.3   1.0   1   0   0   1   1   1   1 -
WP_082233101.1@GCF_900166625.1 -          WP_082233101.1@GCF_900166625.1 -           4.1e-128  417.7   0.3  4.6e-128  417.5   0.3   1.0   1   0   0   1   1   1   1 -
WP_082233102.1@GCF_900166625.1 -          WP_082233102.1@GCF_900166625.1 -           1.6e-167  548.1   0.7  1.8e-167  547.9   0.7   1.0   1   0   0   1   1   1   1 -
WP_082233097.1@GCF_900166625.1 -          WP_082233102.1@GCF_900166625.1 -            1.8e-17   57.2   0.6   4.3e-17   55.9   0.6   1.5   1   1   0   1   1   1   1 -
WP_082233110.1@GCF_900166625.1 -          WP_082233102.1@GCF_900166625.1 -            6.5e-16   52.1   0.4     1e-15   51.4   0.4   1.3   1   1   0   1   1   1   1 -
WP_082233103.1@GCF_900166625.1      -          WP_082233103.1@GCF_900166625.1 -             7e-174  569.6   9.5  7.9e-174  569.5   9.5   1.0   1   0   0   1   1   1   1 -
WP_110516892.1@GCF_003226345.1      -          WP_082233103.1@GCF_900166625.1 -            1.2e-79  261.0   4.7   1.4e-79  260.9   4.7   1.0   1   0   0   1   1   1   1 -
WP_058381518.1@GCF_001465795.2      -          WP_082233103.1@GCF_900166625.1 -            2.4e-75  247.0   8.1   2.9e-75  246.7   8.1   1.0   1   0   0   1   1   1   1 -
WP_103370993.1@GCF_002902305.1      -          WP_082233103.1@GCF_900166625.1 -            1.9e-36  119.6   7.1   2.6e-36  119.1   7.1   1.2   1   1   0   1   1   1   1 -
WP_103159623.1@GCF_002901945.1      -          WP_082233103.1@GCF_900166625.1 -            6.1e-35  114.7  12.1   9.3e-35  114.1  12.1   1.3   1   1   0   1   1   1   1 -
NZ_PPQH01000083.1_2@GCF_002902385.1 -          WP_082233103.1@GCF_900166625.1 -              9e-35  114.1  11.7   1.6e-34  113.3  11.7   1.3   1   1   0   1   1   1   1 -
WP_002456424.1@GCF_006742205.1      -          WP_082233103.1@GCF_900166625.1 -            3.1e-33  109.1  12.5   5.3e-33  108.3  12.5   1.3   1   1   0   1   1   1   1 -
NZ_LR134263.1_321@GCF_900636325.1   -          WP_082233103.1@GCF_900166625.1 -            7.6e-22   71.8   0.7     8e-22   71.7   0.7   1.2   1   0   0   1   1   1   1 -
WP_082233104.1@GCF_900166625.1 -          WP_082233104.1@GCF_900166625.1 -           4.7e-232  762.1   1.8  5.2e-232  762.0   1.8   1.0   1   0   0   1   1   1   1 -
WP_082233105.1@GCF_900166625.1 -          WP_082233105.1@GCF_900166625.1 -           3.1e-216  709.9   2.7  3.5e-216  709.7   2.7   1.0   1   0   0   1   1   1   1 -
WP_082233106.1@GCF_900166625.1 -          WP_082233106.1@GCF_900166625.1 -           5.4e-108  351.5   5.7    6e-108  351.3   5.7   1.0   1   0   0   1   1   1   1 -
WP_082233107.1@GCF_900166625.1 -          WP_082233107.1@GCF_900166625.1 -           8.5e-130  423.3   2.0  9.5e-130  423.2   2.0   1.0   1   0   0   1   1   1   1 -
WP_082233108.1@GCF_900166625.1 -          WP_082233108.1@GCF_900166625.1 -           1.3e-103  336.8   0.5  1.4e-103  336.7   0.5   1.0   1   0   0   1   1   1   1 -
WP_082233109.1@GCF_900166625.1 -          WP_082233109.1@GCF_900166625.1 -             2e-175  574.6   8.8  2.3e-175  574.5   8.8   1.0   1   0   0   1   1   1   1 -
WP_082233099.1@GCF_900166625.1 -          WP_082233109.1@GCF_900166625.1 -            2.5e-32  105.9   5.5   3.1e-32  105.6   5.5   1.1   1   0   0   1   1   1   1 -
WP_082233110.1@GCF_900166625.1 -          WP_082233110.1@GCF_900166625.1 -           2.2e-168  551.5   3.5  2.4e-168  551.3   3.5   1.0   1   0   0   1   1   1   1 -
WP_082233102.1@GCF_900166625.1 -          WP_082233110.1@GCF_900166625.1 -            9.4e-16   52.1   0.2   1.4e-15   51.5   0.2   1.2   1   0   0   1   1   1   1 -
WP_082233097.1@GCF_900166625.1 -          WP_082233110.1@GCF_900166625.1 -            5.1e-11   36.6   0.3   6.9e-11   36.2   0.3   1.1   1   0   0   1   1   1   1 -
WP_179133983.1@GCF_900166625.1 -          WP_179133983.1@GCF_900166625.1 -            4.2e-36  114.2   2.3   4.5e-36  114.1   2.3   1.0   1   0   0   1   1   1   1 -
WP_082233112.1@GCF_900166625.1 -          WP_082233112.1@GCF_900166625.1 -                  0 1207.4   9.2         0 1207.2   9.2   1.0   1   0   0   1   1   1   1 -
WP_110516867.1@GCF_003226345.1 -          WP_110516867.1@GCF_003226345.1 -            1.8e-89  289.9   0.4     2e-89  289.7   0.4   1.0   1   0   0   1   1   1   1 -
WP_110516869.1@GCF_003226345.1 -          WP_110516869.1@GCF_003226345.1 -           2.3e-210  690.8  32.3  2.6e-210  690.6  32.3   1.0   1   0   0   1   1   1   1 -
WP_110516871.1@GCF_003226345.1 -          WP_110516869.1@GCF_003226345.1 -            7.4e-45  147.1  30.5   8.7e-45  146.8  30.5   1.0   1   0   0   1   1   1   1 -
WP_110516871.1@GCF_003226345.1 -          WP_110516871.1@GCF_003226345.1 -           9.6e-205  672.7  34.2  1.1e-204  672.6  34.2   1.0   1   0   0   1   1   1   1 -
WP_110516869.1@GCF_003226345.1 -          WP_110516871.1@GCF_003226345.1 -              1e-44  147.2  29.2   1.2e-44  147.0  29.2   1.0   1   0   0   1   1   1   1 -
WP_110516873.1@GCF_003226345.1 -          WP_110516873.1@GCF_003226345.1 -           1.1e-205  675.0  10.3  1.3e-205  674.9  10.3   1.0   1   0   0   1   1   1   1 -
WP_058381521.1@GCF_001465795.2 -          WP_110516873.1@GCF_003226345.1 -            1.4e-08   28.0   6.0   1.4e-08   28.0   6.0   1.6   1   1   1   2   2   2   1 -
WP_110516875.1@GCF_003226345.1    -          WP_110516875.1@GCF_003226345.1 -           2.8e-191  627.1   0.9  3.1e-191  627.0   0.9   1.0   1   0   0   1   1   1   1 -
WP_007110053.1@GCF_000731985.1    -          WP_110516875.1@GCF_003226345.1 -            9.2e-26   84.5   0.1   1.3e-25   84.0   0.1   1.1   1   0   0   1   1   1   1 -
WP_006183086.1@GCF_000230735.2    -          WP_110516875.1@GCF_003226345.1 -            5.2e-25   82.0   0.0   6.8e-25   81.6   0.0   1.1   1   0   0   1   1   1   1 -
WP_008456175.1@GCF_000337175.1    -          WP_110516875.1@GCF_003226345.1 -            5.6e-25   81.9   0.0   8.2e-25   81.4   0.0   1.1   1   0   0   1   1   1   1 -
NZ_LR134263.1_331@GCF_900636325.1 -          WP_110516875.1@GCF_003226345.1 -            1.5e-23   77.3   0.7   4.8e-23   75.6   0.7   1.6   1   1   0   1   1   1   1 -
WP_006183075.1@GCF_000230735.2    -          WP_110516875.1@GCF_003226345.1 -            1.3e-17   57.8   0.3   2.1e-17   57.1   0.3   1.3   1   1   0   1   1   1   1 -
WP_008456194.1@GCF_000337175.1    -          WP_110516875.1@GCF_003226345.1 -            7.3e-16   52.0   0.2   1.4e-15   51.1   0.2   1.4   1   1   0   1   1   1   1 -
WP_004043237.1@GCF_000025685.1    -          WP_110516875.1@GCF_003226345.1 -            2.8e-15   50.1   0.1   2.2e-14   47.2   0.1   1.9   1   1   0   1   1   1   1 -
WP_007110064.1@GCF_000731985.1    -          WP_110516875.1@GCF_003226345.1 -            3.7e-15   49.7   0.3   6.9e-15   48.8   0.3   1.3   1   1   0   1   1   1   1 -
WP_008456196.1@GCF_000337175.1    -          WP_110516875.1@GCF_003226345.1 -              2e-14   47.3   0.2   3.5e-14   46.5   0.2   1.4   1   1   0   1   1   1   1 -
WP_007110066.1@GCF_000731985.1    -          WP_110516875.1@GCF_003226345.1 -            2.9e-14   46.8   0.2   6.4e-14   45.6   0.1   1.6   1   1   0   1   1   1   1 -
WP_015299278.1@GCF_000230735.2    -          WP_110516875.1@GCF_003226345.1 -            3.3e-12   40.0   0.1   6.2e-12   39.1   0.1   1.4   1   1   0   1   1   1   1 -
WP_110516877.1@GCF_003226345.1 -          WP_110516877.1@GCF_003226345.1 -           3.5e-242  796.2   0.6  3.9e-242  796.0   0.6   1.0   1   0   0   1   1   1   1 -
WP_110516879.1@GCF_003226345.1 -          WP_110516879.1@GCF_003226345.1 -            3.5e-96  312.0   0.9   3.9e-96  311.9   0.9   1.0   1   0   0   1   1   1   1 -
WP_110516881.1@GCF_003226345.1 -          WP_110516881.1@GCF_003226345.1 -           3.5e-193  633.8   0.1  3.9e-193  633.6   0.1   1.0   1   0   0   1   1   1   1 -
WP_110516883.1@GCF_003226345.1 -          WP_110516883.1@GCF_003226345.1 -             2e-220  724.3  13.7  2.2e-220  724.2  13.7   1.0   1   0   0   1   1   1   1 -
WP_110516885.1@GCF_003226345.1 -          WP_110516885.1@GCF_003226345.1 -           3.8e-215  706.5   5.4  4.3e-215  706.3   5.4   1.0   1   0   0   1   1   1   1 -
WP_110516888.1@GCF_003226345.1 -          WP_110516888.1@GCF_003226345.1 -           3.9e-103  334.8   0.8  4.3e-103  334.7   0.8   1.0   1   0   0   1   1   1   1 -
WP_110516892.1@GCF_003226345.1      -          WP_110516892.1@GCF_003226345.1 -           1.3e-175  575.2   5.7  1.4e-175  575.1   5.7   1.0   1   0   0   1   1   1   1 -
WP_082233103.1@GCF_900166625.1      -          WP_110516892.1@GCF_003226345.1 -            3.2e-79  259.6   5.9   3.5e-79  259.4   5.9   1.0   1   0   0   1   1   1   1 -
WP_058381518.1@GCF_001465795.2      -          WP_110516892.1@GCF_003226345.1 -            9.9e-75  244.8   4.6   1.2e-74  244.6   4.6   1.0   1   0   0   1   1   1   1 -
WP_002456424.1@GCF_006742205.1      -          WP_110516892.1@GCF_003226345.1 -              2e-38  126.0   0.1   2.3e-38  125.7   0.1   1.1   1   0   0   1   1   1   1 -
NZ_PPQH01000083.1_2@GCF_002902385.1 -          WP_110516892.1@GCF_003226345.1 -            2.8e-38  125.5   0.3   3.4e-38  125.2   0.3   1.0   1   0   0   1   1   1   1 -
WP_103159623.1@GCF_002901945.1      -          WP_110516892.1@GCF_003226345.1 -            3.6e-38  125.1   0.1     4e-38  125.0   0.1   1.0   1   0   0   1   1   1   1 -
WP_103370993.1@GCF_002902305.1      -          WP_110516892.1@GCF_003226345.1 -            1.4e-36  119.9   0.1   1.5e-36  119.8   0.1   1.1   1   0   0   1   1   1   1 -
NZ_LR134263.1_321@GCF_900636325.1   -          WP_110516892.1@GCF_003226345.1 -              2e-23   76.8   0.1   2.3e-23   76.7   0.1   1.1   1   0   0   1   1   1   1 -
WP_110516894.1@GCF_003226345.1 -          WP_110516894.1@GCF_003226345.1 -            3.1e-45  143.8   0.1   3.4e-45  143.7   0.1   1.0   1   0   0   1   1   1   1 -
WP_142669852.1@GCF_003226345.1 -          WP_142669852.1@GCF_003226345.1 -              2e-82  267.2   8.5   2.2e-82  267.1   8.5   1.0   1   0   0   1   1   1   1 -
WP_236634691.1@GCF_003226345.1 -          WP_236634691.1@GCF_003226345.1 -            2.3e-73  237.0   0.1   2.5e-73  236.8   0.1   1.0   1   0   0   1   1   1   1 -
WP_110516898.1@GCF_003226345.1 -          WP_110516898.1@GCF_003226345.1 -           7.9e-103  334.5   4.2  8.7e-103  334.4   4.2   1.0   1   0   0   1   1   1   1 -
WP_236634692.1@GCF_003226345.1 -          WP_236634692.1@GCF_003226345.1 -             6e-127  414.2   4.7  6.7e-127  414.1   4.7   1.0   1   0   0   1   1   1   1 -
WP_161524652.1@GCF_003226345.1 -          WP_161524652.1@GCF_003226345.1 -            1.8e-93  302.9   1.8   1.9e-93  302.8   1.8   1.0   1   0   0   1   1   1   1 -
WP_110516902.1@GCF_003226345.1 -          WP_110516902.1@GCF_003226345.1 -           2.2e-295  972.8  29.2  2.5e-295  972.6  29.2   1.0   1   0   0   1   1   1   1 -
WP_110516904.1@GCF_003226345.1 -          WP_110516904.1@GCF_003226345.1 -                  0 1020.6  38.4         0 1020.4  38.4   1.0   1   0   0   1   1   1   1 -
WP_172637306.1@GCF_000230735.2 -          WP_110516904.1@GCF_003226345.1 -            1.3e-15   51.2  28.1     5e-11   36.1  12.3   2.1   2   0   0   2   2   2   2 -
WP_014862879.1@GCF_000337175.1 -          WP_110516904.1@GCF_003226345.1 -            8.5e-14   45.2  26.8     1e-10   35.1  11.9   2.2   2   0   0   2   2   2   2 -
WP_007110050.1@GCF_000731985.1 -          WP_110516904.1@GCF_003226345.1 -            1.9e-13   44.0  26.5   1.9e-10   34.2  11.8   2.1   2   0   0   2   2   2   2 -
WP_110516906.1@GCF_003226345.1 -          WP_110516906.1@GCF_003226345.1 -           3.3e-241  792.8   0.8  3.7e-241  792.6   0.8   1.0   1   0   0   1   1   1   1 -
WP_110516908.1@GCF_003226345.1 -          WP_110516908.1@GCF_003226345.1 -           9.8e-111  360.3   0.4  1.1e-110  360.1   0.4   1.0   1   0   0   1   1   1   1 -
WP_110516910.1@GCF_003226345.1 -          WP_110516910.1@GCF_003226345.1 -            2.6e-85  276.5   2.7   2.9e-85  276.3   2.7   1.0   1   0   0   1   1   1   1 -
WP_110516912.1@GCF_003226345.1 -          WP_110516912.1@GCF_003226345.1 -           6.3e-195  639.3   1.3    7e-195  639.2   1.3   1.0   1   0   0   1   1   1   1 -
WP_058381530.1@GCF_001465795.2 -          WP_058381530.1@GCF_001465795.2 -           2.7e-173  567.4   0.7    3e-173  567.3   0.7   1.0   1   0   0   1   1   1   1 -
WP_058381529.1@GCF_001465795.2 -          WP_058381529.1@GCF_001465795.2 -            7.9e-55  176.3  12.1   8.7e-55  176.2  12.1   1.0   1   0   0   1   1   1   1 -
WP_058381528.1@GCF_001465795.2 -          WP_058381528.1@GCF_001465795.2 -            4.1e-41  130.6   0.4   4.5e-41  130.4   0.4   1.0   1   0   0   1   1   1   1 -
WP_058381526.1@GCF_001465795.2 -          WP_058381528.1@GCF_001465795.2 -            7.2e-26   82.7   0.1   8.5e-26   82.5   0.1   1.2   1   0   0   1   1   1   1 -
WP_058381527.1@GCF_001465795.2 -          WP_058381527.1@GCF_001465795.2 -           1.8e-156  512.1  16.8    2e-156  512.0  16.8   1.0   1   0   0   1   1   1   1 -
WP_058381526.1@GCF_001465795.2 -          WP_058381526.1@GCF_001465795.2 -            1.3e-45  145.4   0.3   1.5e-45  145.3   0.3   1.0   1   0   0   1   1   1   1 -
WP_058381528.1@GCF_001465795.2 -          WP_058381526.1@GCF_001465795.2 -            8.9e-26   82.9   0.1   9.4e-26   82.8   0.1   1.0   1   0   0   1   1   1   1 -
WP_058381525.1@GCF_001465795.2 -          WP_058381525.1@GCF_001465795.2 -           1.6e-286  943.8  46.7  1.8e-286  943.6  46.7   1.0   1   0   0   1   1   1   1 -
WP_058381524.1@GCF_001465795.2 -          WP_058381524.1@GCF_001465795.2 -            6.3e-91  295.7  13.7     7e-91  295.6  13.7   1.0   1   0   0   1   1   1   1 -
WP_058381523.1@GCF_001465795.2 -          WP_058381523.1@GCF_001465795.2 -            5.1e-44  140.0   0.3   5.6e-44  139.9   0.3   1.0   1   0   0   1   1   1   1 -
WP_058381522.1@GCF_001465795.2 -          WP_058381522.1@GCF_001465795.2 -            4.3e-98  319.1  14.7   4.8e-98  319.0  14.7   1.0   1   0   0   1   1   1   1 -
WP_058381521.1@GCF_001465795.2 -          WP_058381521.1@GCF_001465795.2 -           5.1e-203  666.3  21.5  5.7e-203  666.1  21.5   1.0   1   0   0   1   1   1   1 -
WP_110516873.1@GCF_003226345.1 -          WP_058381521.1@GCF_001465795.2 -            5.4e-10   32.8   1.3   8.7e-10   32.1   1.3   1.3   1   0   0   1   1   1   1 -
WP_058381520.1@GCF_001465795.2 -          WP_058381520.1@GCF_001465795.2 -           9.3e-123  400.0   0.3    1e-122  399.8   0.3   1.0   1   0   0   1   1   1   1 -
WP_058381519.1@GCF_001465795.2 -          WP_058381519.1@GCF_001465795.2 -            7.2e-56  178.9   0.3   7.9e-56  178.7   0.3   1.0   1   0   0   1   1   1   1 -
WP_058381518.1@GCF_001465795.2      -          WP_058381518.1@GCF_001465795.2 -           1.3e-171  561.9   9.9  1.4e-171  561.8   9.9   1.0   1   0   0   1   1   1   1 -
WP_082233103.1@GCF_900166625.1      -          WP_058381518.1@GCF_001465795.2 -            1.6e-75  247.4   7.6   1.9e-75  247.1   7.6   1.0   1   0   0   1   1   1   1 -
WP_110516892.1@GCF_003226345.1      -          WP_058381518.1@GCF_001465795.2 -            3.9e-75  246.1   3.4   4.3e-75  246.0   3.4   1.0   1   0   0   1   1   1   1 -
WP_103159623.1@GCF_002901945.1      -          WP_058381518.1@GCF_001465795.2 -            5.1e-38  124.6  21.4   1.6e-37  123.0  21.4   1.6   1   1   0   1   1   1   1 -
WP_103370993.1@GCF_002902305.1      -          WP_058381518.1@GCF_001465795.2 -            2.6e-34  112.5  21.5   1.2e-33  110.3  21.5   1.8   1   1   0   1   1   1   1 -
WP_002456424.1@GCF_006742205.1      -          WP_058381518.1@GCF_001465795.2 -            2.1e-33  109.5  22.7   7.4e-33  107.7  22.7   1.7   1   1   0   1   1   1   1 -
NZ_PPQH01000083.1_2@GCF_002902385.1 -          WP_058381518.1@GCF_001465795.2 -            3.8e-33  108.6  22.3   1.4e-32  106.8  22.3   1.7   1   1   0   1   1   1   1 -
NZ_LR134263.1_321@GCF_900636325.1   -          WP_058381518.1@GCF_001465795.2 -              3e-19   63.2  11.6   3.6e-19   62.9  11.6   1.3   1   1   0   1   1   1   1 -
WP_058381517.1@GCF_001465795.2 -          WP_058381517.1@GCF_001465795.2 -           2.2e-109  355.6   4.4  2.5e-109  355.4   4.4   1.0   1   0   0   1   1   1   1 -
WP_058381516.1@GCF_001465795.2 -          WP_058381516.1@GCF_001465795.2 -            1.6e-89  290.5   7.3   1.8e-89  290.3   7.3   1.0   1   0   0   1   1   1   1 -
WP_058381515.1@GCF_001465795.2 -          WP_058381516.1@GCF_001465795.2 -            3.5e-06   21.3   3.4    0.0002   15.7   1.6   2.1   1   1   1   2   2   2   2 -
WP_058381515.1@GCF_001465795.2 -          WP_058381515.1@GCF_001465795.2 -            1.1e-89  290.7   5.4   1.3e-89  290.5   5.4   1.0   1   0   0   1   1   1   1 -
WP_058381514.1@GCF_001465795.2 -          WP_058381514.1@GCF_001465795.2 -                  0 1186.7  18.8         0 1186.6  18.8   1.0   1   0   0   1   1   1   1 -
WP_058381512.1@GCF_001465795.2 -          WP_058381512.1@GCF_001465795.2 -           8.9e-167  545.9   4.6    1e-166  545.7   4.6   1.0   1   0   0   1   1   1   1 -
WP_058381511.1@GCF_001465795.2 -          WP_058381511.1@GCF_001465795.2 -           2.4e-128  418.6   6.8  2.7e-128  418.5   6.8   1.0   1   0   0   1   1   1   1 -
WP_157073447.1@GCF_001465795.2 -          WP_157073447.1@GCF_001465795.2 -            1.1e-34  109.6   3.2   1.2e-34  109.5   3.2   1.0   1   0   0   1   1   1   1 -
WP_058381510.1@GCF_001465795.2 -          WP_058381510.1@GCF_001465795.2 -           3.8e-232  763.0   5.7  4.3e-232  762.8   5.7   1.0   1   0   0   1   1   1   1 -
WP_058381509.1@GCF_001465795.2 -          WP_058381509.1@GCF_001465795.2 -           2.2e-102  332.9   2.8  2.5e-102  332.8   2.8   1.0   1   0   0   1   1   1   1 -
WP_157073448.1@GCF_001465795.2 -          WP_157073448.1@GCF_001465795.2 -            1.9e-33  105.4   2.0     2e-33  105.2   2.0   1.0   1   0   0   1   1   1   1 -
#
# Program:         phmmer
# Version:         3.3.2 (Nov 2020)
# Pipeline mode:   SEARCH
# Query file:      sequences/gene_context/gene_context_proteins.fasta
# Target file:     sequences/gene_context/gene_context_proteins.fasta
# Option settings: phmmer -o /dev/null --tblout sequences/gene_context/gene_context_all_vs_all.tblout.txt -T 20 --cpu 4 sequences/gene_context/gene_context_proteins.fasta sequences/gene_context/gene_context_proteins.fasta 
# Current dir:     /Users/rs1521/Documents/STAPHC8
# Date:            Sun Sep 14 15:16:05 2025
# [ok]
