#                                                                            --- full sequence --- -------------- this domain -------------   hmm coord   ali coord   env coord
# target name        accession   tlen query name           accession   qlen   E-value  score  bias   #  of  c-Evalue  i-Evalue  score  bias  from    to  from    to  from    to  acc description of target
#------------------- ---------- ----- -------------------- ---------- ----- --------- ------ ----- --- --- --------- --------- ------ ----- ----- ----- ----- ----- ----- ----- ---- ---------------------
WP_002456430.1@GCF_006742205.1 -            155 TIGR02705            TIGR02705    156   4.2e-69  224.6   0.4   1   1   2.3e-71   4.6e-69  224.5   0.4     2   156     2   155     1   155 0.99 -
WP_103370989.1@GCF_002902305.1 -            520 TIGR00503            TIGR00503    527  1.8e-198  653.8   1.5   1   1  9.9e-201    2e-198  653.6   1.5     6   523     5   518     1   520 0.94 -
WP_236634692.1@GCF_003226345.1 -            187 TIGR02937            TIGR02937    165   1.4e-31  103.0   0.3   1   1   7.8e-34   1.6e-31  102.8   0.3     3   164    25   181    23   182 0.94 -
WP_058381525.1@GCF_001465795.2 -            464 TIGR00931            TIGR00931    454  1.4e-122  403.3  40.2   1   1  8.7e-125  1.7e-122  402.9  40.2     5   452    12   457     9   459 0.98 -
WP_103370997.1@GCF_002902305.1 -            132 TIGR01593            TIGR01593    128   4.3e-22   72.1   2.1   1   1   2.3e-24   4.6e-22   71.9   2.1     9   114    14   117     6   131 0.86 -
NZ_LR134263.1_317@GCF_900636325.1 -            513 TIGR01427            TIGR01427    346   4.4e-92  302.6  39.6   1   1   2.7e-94   5.4e-92  302.3  39.6    15   345     2   338     1   339 0.96 -
WP_058381527.1@GCF_001465795.2 -            245 TIGR00945            TIGR00945    215   1.6e-56  185.2  21.6   1   1   9.4e-59   1.9e-56  184.9  21.6     1   215     7   222     7   222 0.99 -
WP_004043221.1@GCF_000025685.1 -            489 TIGR01722            TIGR01722    477  2.9e-156  514.4   0.3   1   1  1.6e-158  3.3e-156  514.2   0.3     1   477    11   486    11   486 0.99 -
WP_002469574.1@GCF_006742205.1 -            465 TIGR00562            TIGR00562    470    1e-119  393.7   0.1   1   1  5.6e-122  1.1e-119  393.6   0.1     3   466     3   463     1   465 0.94 -
NZ_PPQH01000083.1_3@GCF_002902385.1 -            682 TIGR01494            TIGR01494    478   4.5e-88  289.3   6.7   1   1   5.6e-89   1.1e-86  284.6   6.7     2   469   144   653   143   664 0.84 -
WP_008456178.1@GCF_000337175.1 -            359 TIGR01254            TIGR01254    306   3.5e-44  144.8   0.0   1   1     7e-46   4.7e-44  144.4   0.0     4   306    35   352    33   352 0.83 -
WP_049900695.1@GCF_000731985.1 -            359 TIGR01254            TIGR01254    306   7.9e-44  143.7   0.0   1   1   1.5e-45     1e-43  143.3   0.0     5   306    36   352    33   352 0.79 -
WP_006183084.1@GCF_000230735.2 -            373 TIGR01254            TIGR01254    306   1.9e-40  132.6   0.0   1   1   3.2e-42   2.2e-40  132.4   0.0     5   306    49   366    46   366 0.77 -
WP_001829851.1@GCF_006742205.1 -            333 TIGR01928            TIGR01928    325   5.9e-80  262.2   0.1   1   1   3.4e-82   6.9e-80  262.0   0.1     1   324     9   311     9   312 0.97 -
NZ_PPQH01000083.1_3@GCF_002902385.1 -            682 TIGR01525            TIGR01525    560  9.7e-177  582.7  10.5   1   1  5.6e-179  1.1e-176  582.5  10.5     1   559   103   677   103   678 0.97 -
WP_007110057.1@GCF_000731985.1      -            248 TIGR04449            TIGR04449     69   2.2e-17   57.5  21.3   1   1   1.9e-18   3.1e-17   57.0  21.3     1    69   179   248   179   248 0.98 -
WP_241432498.1@GCF_000337175.1      -            114 TIGR04449            TIGR04449     69   1.2e-15   51.9  20.0   1   1   9.4e-17   1.6e-15   51.5  20.0     1    69    45   114    45   114 0.98 -
WP_015299281.1@GCF_000230735.2      -            294 TIGR04449            TIGR04449     69   1.3e-14   48.6  19.4   1   1   7.8e-16   1.3e-14   48.6  19.4     1    69   225   294   225   294 0.98 -
WP_004043226.1@GCF_000025685.1      -            305 TIGR04449            TIGR04449     69   5.2e-14   46.7  23.1   1   1   4.9e-15   8.3e-14   46.0  23.1     1    69   235   305   235   305 0.97 -
WP_110516892.1@GCF_003226345.1      -            262 TIGR04449            TIGR04449     69   3.7e-10   34.3  15.6   1   1   3.2e-11   5.3e-10   33.8  15.6     2    64   205   262   204   262 0.96 -
WP_103370993.1@GCF_002902305.1      -            244 TIGR04449            TIGR04449     69     4e-10   34.2  14.8   1   1   3.5e-11   5.9e-10   33.7  14.8     3    64   188   244   187   244 0.95 -
NZ_PPQH01000083.1_2@GCF_002902385.1 -            228 TIGR04449            TIGR04449     69   5.8e-10   33.7  15.9   1   1   4.8e-11     8e-10   33.2  15.9     4    64   172   227   170   227 0.95 -
NZ_LR134263.1_321@GCF_900636325.1   -            122 TIGR04449            TIGR04449     69   6.1e-10   33.6  15.5   1   1   4.7e-11   7.9e-10   33.3  15.5     4    64    66   121    64   121 0.94 -
WP_002456424.1@GCF_006742205.1      -            244 TIGR04449            TIGR04449     69   6.6e-10   33.5  14.7   1   1   6.8e-11   1.1e-09   32.8  14.7     4    64   189   244   187   244 0.95 -
WP_058381518.1@GCF_001465795.2      -            261 TIGR04449            TIGR04449     69   7.5e-10   33.3  15.5   1   1   7.1e-11   1.2e-09   32.7  15.5     2    64   204   261   203   261 0.94 -
WP_103159623.1@GCF_002901945.1      -            244 TIGR04449            TIGR04449     69   8.1e-10   33.2  15.5   1   1   7.2e-11   1.2e-09   32.7  15.5     4    64   189   244   187   244 0.95 -
WP_082233103.1@GCF_900166625.1      -            261 TIGR04449            TIGR04449     69   1.3e-09   32.6  16.5   1   1   1.2e-10   2.1e-09   31.9  16.5     2    64   204   261   203   261 0.94 -
NZ_LR134263.1_320@GCF_900636325.1 -            945 TIGR03061            TIGR03061    164   8.2e-47  152.5   0.7   1   1     2e-48     2e-46  151.2   0.7     2   163    11   172    10   173 0.98 -
WP_179133982.1@GCF_900166625.1    -            740 TIGR03061            TIGR03061    164   1.3e-46  151.8   0.2   1   1   2.8e-48   2.9e-46  150.7   0.2     2   159    11   168    10   173 0.95 -
WP_103370989.1@GCF_002902305.1 -            520 TIGR00231            TIGR00231    164   5.1e-26   85.0   0.0   1   1   4.8e-28   9.6e-26   84.1   0.0     6   128    13   147     8   181 0.89 -
WP_103371000.1@GCF_002902305.1 -            450 TIGR00543            TIGR00543    349  4.7e-109  358.3   0.0   1   1  3.4e-111  6.8e-109  357.8   0.0     2   349   103   444   102   444 0.92 -
WP_179133982.1@GCF_900166625.1    -            740 TIGR03062            TIGR03062    208   3.5e-52  170.6  13.0   1   1   4.8e-54   4.8e-52  170.1  13.0     3   202   521   718   519   724 0.96 -
NZ_LR134263.1_320@GCF_900636325.1 -            945 TIGR03062            TIGR03062    208     9e-50  162.7   7.7   1   1   1.3e-51   1.3e-49  162.2   7.7     3   202   722   922   720   927 0.96 -
WP_082233098.1@GCF_900166625.1 -            455 TIGR00796            TIGR00796    405  1.4e-135  446.0  37.0   1   1  7.9e-138  1.6e-135  445.8  37.0     1   405    14   429    14   429 0.98 -
WP_002489635.1@GCF_006742205.1 -            530 TIGR00224            TIGR00224    532  1.1e-239  790.3   1.9   1   1  6.7e-242  1.4e-239  789.9   1.9    18   523    18   521     2   527 0.97 -
WP_002456429.1@GCF_006742205.1 -            474 TIGR01923            TIGR01923    442  7.7e-171  562.3   0.1   1   1  4.3e-173  8.8e-171  562.1   0.1     1   442    26   461    26   461 0.99 -
WP_070502992.1@GCF_002902305.1 -            312 TIGR00751            TIGR00751    284   1.1e-33  110.4   9.6   1   1   6.5e-36   1.3e-33  110.2   9.6     1   284    19   302    19   302 0.90 -
WP_001829861.1@GCF_006742205.1 -            205 TIGR00779            TIGR00779    193   3.3e-81  265.4  14.4   1   1   1.9e-83   3.8e-81  265.2  14.4     1   193    12   205    12   205 0.99 -
NZ_PPQH01000083.1_3@GCF_002902385.1 -            682 TIGR01511            TIGR01511    542  1.2e-187  618.6  15.7   1   1  3.4e-188  6.8e-186  612.8  15.7     2   542    85   679    84   679 0.90 -
WP_103370990.1@GCF_002902305.1 -            264 TIGR03716            TIGR03716    220   4.3e-90  294.7  12.9   1   1   2.8e-92   5.6e-90  294.3  12.9     1   218    12   256    12   258 0.94 -
WP_103370995.1@GCF_002902305.1 -            329 TIGR00545            TIGR00545    326  5.2e-116  380.9   7.6   1   1  2.9e-118  5.8e-116  380.7   7.6     3   324     2   321     1   323 0.98 -
WP_006183071.1@GCF_000230735.2 -            235 TIGR00021            TIGR00021    218   1.9e-76  249.9   0.1   1   1   3.2e-78   2.2e-76  249.6   0.1     2   217    11   230    10   231 0.94 -
WP_008456198.1@GCF_000337175.1 -            235 TIGR00021            TIGR00021    218     9e-74  241.1   0.1   1   1   1.5e-75     1e-73  240.9   0.1     2   217    11   230    10   231 0.95 -
WP_007110068.1@GCF_000731985.1 -            235 TIGR00021            TIGR00021    218   2.2e-73  239.8   0.0   1   1   3.7e-75   2.5e-73  239.6   0.0     2   217    11   230    10   231 0.94 -
WP_002456355.1@GCF_006742205.1 -            353 TIGR01464            TIGR01464    338  8.7e-128  419.6   0.0   1   1  4.9e-130  9.8e-128  419.4   0.0     2   338    17   349    16   349 0.98 -
WP_110516904.1@GCF_003226345.1 -            475 TIGR00785            TIGR00785    444   1.7e-92  303.9  37.1   1   1   9.8e-95     2e-92  303.8  37.1     7   443    29   468    23   469 0.92 -
NZ_LR134263.1_316@GCF_900636325.1 -            128 TIGR00829            TIGR00829     85   2.4e-36  117.6   0.3   1   1   1.7e-38   3.4e-36  117.1   0.3     2    84     5    86     4    87 0.97 -
WP_058381516.1@GCF_001465795.2 -            147 TIGR02532            TIGR02532     24   5.4e-06   19.8   5.1   1   1   5.4e-08   5.4e-06   19.8   5.1     2    21     5    24     4    27 0.92 -
WP_058381515.1@GCF_001465795.2 -            143 TIGR02532            TIGR02532     24     6e-06   19.6   3.6   1   1   1.4e-07   1.4e-05   18.5   3.6     1    23     4    26     4    27 0.93 -
WP_002457867.1@GCF_006742205.1 -             82 TIGR00278            TIGR00278     75   1.2e-33  108.5   0.2   1   1   6.6e-36   1.3e-33  108.3   0.2     1    73     5    77     5    79 0.95 -
WP_082233112.1@GCF_900166625.1 -            518 TIGR03605            TIGR03605    173   3.9e-64  208.9   0.1   1   1     8e-47   1.6e-44  145.0   0.0     2   171    63   237    62   238 0.92 -
WP_007110048.1@GCF_000731985.1 -            165 TIGR00125            TIGR00125     65   7.4e-19   61.4   0.1   1   1   1.6e-20   1.1e-18   60.9   0.1     1    63    11    73    11    75 0.96 -
WP_006183091.1@GCF_000230735.2 -            163 TIGR00125            TIGR00125     65   1.3e-17   57.4   0.2   1   1   2.8e-19   1.9e-17   56.9   0.2     1    63    11    73    11    75 0.96 -
WP_008456167.1@GCF_000337175.1 -            165 TIGR00125            TIGR00125     65   1.2e-16   54.3   0.1   1   1   2.5e-18   1.7e-16   53.9   0.1     1    63    11    73    11    75 0.96 -
NZ_LR134263.1_317@GCF_900636325.1 -            513 TIGR00848            TIGR00848    129   2.4e-38  124.6   0.7   1   1   1.8e-40   3.5e-38  124.0   0.7     3   129   368   493   366   493 0.95 -
WP_001829846.1@GCF_006742205.1 -            307 TIGR00109            TIGR00109    322   9.4e-82  268.5   0.4   1   1   5.4e-84   1.1e-81  268.3   0.4     4   320     3   306     1   307 0.95 -
WP_058381528.1@GCF_001465795.2 -             65 TIGR01411            TIGR01411     47   3.1e-20   65.2   0.3   1   1   3.7e-22   3.8e-20   64.9   0.3     2    45     4    47     3    49 0.95 -
WP_058381526.1@GCF_001465795.2 -             72 TIGR01411            TIGR01411     47   1.8e-18   59.6   0.9   1   1   2.3e-20   2.3e-18   59.2   0.9     2    44     4    46     3    49 0.94 -
NZ_LR134263.1_323@GCF_900636325.1 -            381 TIGR01766            TIGR01766     82   3.4e-16   53.2   0.2   1   1   1.7e-18   3.4e-16   53.2   0.2     3    82   257   329   255   329 0.96 -
#
# Program:         hmmsearch
# Version:         3.3.2 (Nov 2020)
# Pipeline mode:   SEARCH
# Query file:      /Users/rs1521/workspace/data/TIGR/TIGR.hmm
# Target file:     sequences/gene_context/gene_context_proteins.fasta
# Option settings: hmmsearch -o /dev/null --domtblout sequences/gene_context/tigr.domtblout.txt --cut_ga --cpu 4 /Users/rs1521/workspace/data/TIGR/TIGR.hmm sequences/gene_context/gene_context_proteins.fasta 
# Current dir:     /Users/rs1521/Documents/STAPHC8
# Date:            Sun Sep 14 15:18:43 2025
# [ok]
