# Name=WP_014732703.1@GCF_000306765.2
# pos	aa	label	Other	Sec/SPI n	Sec/SPI h	Sec/SPI c	Sec/SPII n	Sec/SPII h	Sec/SPII cys	Tat/SPI n	Tat/SPI RR	Tat/SPI h	Tat/SPI c	Tat/SPII n	Tat/SPII RR	Tat/SPII h	Tat/SPII cys	Sec/SPIII P	Sec/SPIII cons.	Sec/SPIII h
1	M	N	0.000000	0.000001	0.000000	0.000000	0.000000	0.000000	0.000000	0.999763	0.000000	0.000000	0.000000	0.000236	0.000000	0.000000	0.000000	0.000000	0.000000	0.000000
2	S	N	0.000000	0.000001	0.000000	0.000000	0.000000	0.000000	0.000000	0.979357	0.020405	0.000002	0.000000	0.000206	0.000031	0.000000	0.000000	0.000000	0.000000	0.000000
3	K	N	0.000000	0.000001	0.000000	0.000000	0.000000	0.000000	0.000000	0.978073	0.021695	0.000005	0.000000	0.000205	0.000031	0.000000	0.000000	0.000000	0.000000	0.000000
4	D	N	0.000000	0.000001	0.000000	0.000000	0.000000	0.000000	0.000000	0.971743	0.028019	0.000011	0.000000	0.000204	0.000032	0.000000	0.000000	0.000000	0.000000	0.000000
5	R	N	0.000000	0.000001	0.000000	0.000000	0.000000	0.000000	0.000000	0.975122	0.024628	0.000020	0.000000	0.000204	0.000033	0.000000	0.000000	0.000000	0.000000	0.000000
6	D	N	0.000000	0.000001	0.000000	0.000000	0.000000	0.000000	0.000000	0.975093	0.024656	0.000036	0.000000	0.000206	0.000030	0.000000	0.000000	0.000000	0.000000	0.000000
7	G	N	0.000000	0.000001	0.000000	0.000000	0.000000	0.000000	0.000000	0.976291	0.023424	0.000068	0.000000	0.000206	0.000030	0.000000	0.000000	0.000000	0.000000	0.000000
8	R	N	0.000000	0.000001	0.000000	0.000000	0.000000	0.000000	0.000000	0.976291	0.023356	0.000137	0.000000	0.000205	0.000031	0.000000	0.000000	0.000000	0.000000	0.000000
9	R	N	0.000000	0.000001	0.000000	0.000000	0.000000	0.000000	0.000000	0.981564	0.017927	0.000288	0.000000	0.000206	0.000029	0.000001	0.000000	0.000000	0.000000	0.000000
10	T	N	0.000000	0.000001	0.000000	0.000000	0.000000	0.000000	0.000000	0.981894	0.017160	0.000727	0.000000	0.000208	0.000027	0.000002	0.000000	0.000000	0.000000	0.000000
11	S	N	0.000000	0.000001	0.000000	0.000000	0.000000	0.000000	0.000000	0.982043	0.015598	0.002142	0.000000	0.000202	0.000030	0.000004	0.000000	0.000000	0.000000	0.000000
12	R	R	0.000000	0.000001	0.000000	0.000000	0.000000	0.000000	0.000000	0.079312	0.913704	0.006763	0.000000	0.000052	0.000175	0.000009	0.000000	0.000000	0.000000	0.000000
13	R	R	0.000001	0.000001	0.000000	0.000000	0.000000	0.000000	0.000000	0.054242	0.937015	0.008524	0.000000	0.000048	0.000177	0.000012	0.000000	0.000000	0.000000	0.000000
14	G	N	0.000001	0.000001	0.000000	0.000000	0.000000	0.000000	0.000000	0.944379	0.039291	0.016112	0.000000	0.000170	0.000048	0.000019	0.000000	0.000000	0.000000	0.000000
15	T	H	0.000001	0.000001	0.000000	0.000000	0.000000	0.000000	0.000000	0.400422	0.015025	0.584337	0.000000	0.000112	0.000037	0.000088	0.000000	0.000000	0.000000	0.000000
16	L	H	0.000001	0.000000	0.000000	0.000000	0.000000	0.000000	0.000000	0.055024	0.007235	0.937530	0.000001	0.000061	0.000031	0.000144	0.000000	0.000000	0.000000	0.000000
17	K	H	0.000001	0.000000	0.000001	0.000000	0.000000	0.000000	0.000000	0.017363	0.003618	0.978805	0.000003	0.000045	0.000020	0.000171	0.000000	0.000000	0.000000	0.000000
18	K	H	0.000002	0.000000	0.000001	0.000000	0.000000	0.000000	0.000000	0.010401	0.001252	0.988123	0.000006	0.000035	0.000010	0.000191	0.000000	0.000000	0.000000	0.000000
19	I	H	0.000005	0.000000	0.000001	0.000000	0.000000	0.000000	0.000000	0.004805	0.000364	0.994605	0.000008	0.000021	0.000005	0.000210	0.000000	0.000000	0.000000	0.000000
20	G	H	0.000007	0.000000	0.000001	0.000000	0.000000	0.000000	0.000000	0.001762	0.000256	0.997752	0.000014	0.000010	0.000003	0.000222	0.000000	0.000000	0.000000	0.000000
21	G	H	0.000011	0.000000	0.000001	0.000000	0.000000	0.000000	0.000000	0.001059	0.000227	0.998468	0.000025	0.000006	0.000002	0.000226	0.000001	0.000000	0.000000	0.000000
22	F	H	0.000020	0.000000	0.000001	0.000000	0.000000	0.000000	0.000000	0.000947	0.000164	0.998620	0.000040	0.000004	0.000001	0.000227	0.000002	0.000000	0.000000	0.000000
23	S	H	0.000034	0.000000	0.000001	0.000000	0.000000	0.000000	0.000000	0.000904	0.000090	0.998704	0.000065	0.000003	0.000001	0.000226	0.000003	0.000000	0.000000	0.000000
24	L	H	0.000057	0.000000	0.000001	0.000000	0.000000	0.000000	0.000000	0.000815	0.000077	0.998750	0.000099	0.000002	0.000001	0.000223	0.000004	0.000000	0.000000	0.000000
25	G	H	0.000085	0.000000	0.000001	0.000000	0.000000	0.000000	0.000000	0.000736	0.000060	0.998727	0.000195	0.000002	0.000000	0.000217	0.000007	0.000000	0.000000	0.000000
26	A	H	0.000123	0.000000	0.000001	0.000000	0.000000	0.000000	0.000000	0.000656	0.000049	0.998529	0.000448	0.000001	0.000000	0.000207	0.000010	0.000000	0.000000	0.000000
27	L	H	0.000172	0.000000	0.000001	0.000000	0.000000	0.000000	0.000000	0.000568	0.000044	0.997782	0.001257	0.000001	0.000000	0.000195	0.000013	0.000000	0.000000	0.000000
28	S	H	0.000230	0.000000	0.000001	0.000000	0.000000	0.000000	0.000000	0.000492	0.000030	0.994696	0.004380	0.000001	0.000000	0.000179	0.000016	0.000000	0.000000	0.000000
29	F	H	0.000324	0.000000	0.000001	0.000000	0.000000	0.000000	0.000000	0.000406	0.000020	0.984774	0.014322	0.000000	0.000000	0.000156	0.000023	0.000000	0.000000	0.000000
30	G	H	0.000433	0.000000	0.000001	0.000000	0.000000	0.000000	0.000000	0.000314	0.000018	0.941731	0.057379	0.000000	0.000000	0.000127	0.000030	0.000000	0.000000	0.000000
31	A	H	0.000679	0.000000	0.000001	0.000000	0.000000	0.000000	0.000000	0.000229	0.000008	0.835181	0.163807	0.000000	0.000000	0.000087	0.000039	0.000000	0.000000	0.000000
32	V	H	0.001217	0.000000	0.000000	0.000000	0.000000	0.000000	0.000000	0.000124	0.000005	0.657725	0.340869	0.000000	0.000000	0.000061	0.000026	0.000000	0.000000	0.000000
33	G	H	0.002196	0.000000	0.000000	0.000001	0.000000	0.000000	0.000000	0.000045	0.000001	0.407833	0.589891	0.000000	0.000000	0.000037	0.000024	0.000000	0.000000	0.000000
34	R	C	0.004483	0.000000	0.000000	0.000001	0.000000	0.000000	0.000000	0.000008	0.000006	0.140632	0.854863	0.000000	0.000000	0.000019	0.000018	0.000000	0.000000	0.000000
35	T	C	0.015295	0.000000	0.000000	0.000001	0.000000	0.000000	0.000000	0.000009	0.000002	0.009724	0.974981	0.000000	0.000000	0.000012	0.000007	0.000000	0.000000	0.000000
36	Q	C	0.036347	0.000000	0.000000	0.000001	0.000000	0.000000	0.000000	0.000007	0.000002	0.001217	0.962439	0.000000	0.000000	0.000005	0.000006	0.000000	0.000000	0.000000
37	A	C	0.095138	0.000000	0.000000	0.000001	0.000000	0.000000	0.000000	0.000005	0.000001	0.000160	0.904715	0.000000	0.000000	0.000002	0.000003	0.000000	0.000000	0.000000
38	A	O	0.760658	0.000000	0.000000	0.000000	0.000000	0.000000	0.000000	0.000003	0.000001	0.000118	0.239239	0.000000	0.000000	0.000000	0.000002	0.000000	0.000000	0.000000
39	T	O	0.877936	0.000000	0.000000	0.000000	0.000000	0.000000	0.000000	0.000002	0.000000	0.000072	0.122013	0.000000	0.000000	0.000000	0.000000	0.000000	0.000000	0.000000
40	G	O	0.925486	0.000000	0.000000	0.000000	0.000000	0.000000	0.000000	0.000002	0.000000	0.000037	0.074496	0.000000	0.000000	0.000000	0.000000	0.000000	0.000000	0.000000
41	S	O	0.959636	0.000000	0.000000	0.000000	0.000000	0.000000	0.000000	0.000001	0.000000	0.000022	0.040365	0.000000	0.000000	0.000000	0.000000	0.000000	0.000000	0.000000
42	S	O	0.974261	0.000000	0.000000	0.000000	0.000000	0.000000	0.000000	0.000001	0.000000	0.000012	0.025740	0.000000	0.000000	0.000000	0.000000	0.000000	0.000000	0.000000
43	V	O	0.984118	0.000000	0.000000	0.000000	0.000000	0.000000	0.000000	0.000000	0.000000	0.000006	0.015898	0.000000	0.000000	0.000000	0.000000	0.000000	0.000000	0.000000
44	T	O	0.990333	0.000000	0.000000	0.000000	0.000000	0.000000	0.000000	0.000000	0.000000	0.000002	0.009687	0.000000	0.000000	0.000000	0.000000	0.000000	0.000000	0.000000
45	T	O	0.994605	0.000000	0.000000	0.000000	0.000000	0.000000	0.000000	0.000000	0.000000	0.000001	0.005415	0.000000	0.000000	0.000000	0.000000	0.000000	0.000000	0.000000
46	A	O	0.997373	0.000000	0.000000	0.000000	0.000000	0.000000	0.000000	0.000000	0.000000	0.000001	0.002647	0.000000	0.000000	0.000000	0.000000	0.000000	0.000000	0.000000
47	D	O	0.998905	0.000000	0.000000	0.000000	0.000000	0.000000	0.000000	0.000000	0.000000	0.000000	0.001113	0.000000	0.000000	0.000000	0.000000	0.000000	0.000000	0.000000
48	I	O	0.999574	0.000000	0.000000	0.000000	0.000000	0.000000	0.000000	0.000000	0.000000	0.000000	0.000447	0.000000	0.000000	0.000000	0.000000	0.000000	0.000000	0.000000
49	A	O	0.999831	0.000000	0.000000	0.000000	0.000000	0.000000	0.000000	0.000000	0.000000	0.000000	0.000183	0.000000	0.000000	0.000000	0.000000	0.000000	0.000000	0.000000
50	P	O	0.999936	0.000000	0.000000	0.000000	0.000000	0.000000	0.000000	0.000000	0.000000	0.000000	0.000077	0.000000	0.000000	0.000000	0.000000	0.000000	0.000000	0.000000
51	P	O	0.999984	0.000000	0.000000	0.000000	0.000000	0.000000	0.000000	0.000000	0.000000	0.000000	0.000032	0.000000	0.000000	0.000000	0.000000	0.000000	0.000000	0.000000
52	G	O	1.000004	0.000000	0.000000	0.000000	0.000000	0.000000	0.000000	0.000000	0.000000	0.000000	0.000013	0.000000	0.000000	0.000000	0.000000	0.000000	0.000000	0.000000
53	P	O	1.000007	0.000000	0.000000	0.000000	0.000000	0.000000	0.000000	0.000000	0.000000	0.000000	0.000006	0.000000	0.000000	0.000000	0.000000	0.000000	0.000000	0.000000
54	N	O	1.000005	0.000000	0.000000	0.000000	0.000000	0.000000	0.000000	0.000000	0.000000	0.000000	0.000002	0.000000	0.000000	0.000000	0.000000	0.000000	0.000000	0.000000
55	G	O	1.000009	0.000000	0.000000	0.000000	0.000000	0.000000	0.000000	0.000000	0.000000	0.000000	0.000001	0.000000	0.000000	0.000000	0.000000	0.000000	0.000000	0.000000
56	D	O	1.000009	0.000000	0.000000	0.000000	0.000000	0.000000	0.000000	0.000000	0.000000	0.000000	0.000000	0.000000	0.000000	0.000000	0.000000	0.000000	0.000000	0.000000
57	P	O	1.000015	0.000000	0.000000	0.000000	0.000000	0.000000	0.000000	0.000000	0.000000	0.000000	0.000000	0.000000	0.000000	0.000000	0.000000	0.000000	0.000000	0.000000
58	K	O	1.000009	0.000000	0.000000	0.000000	0.000000	0.000000	0.000000	0.000000	0.000000	0.000000	0.000000	0.000000	0.000000	0.000000	0.000000	0.000000	0.000000	0.000000
59	S	O	1.000015	0.000000	0.000000	0.000000	0.000000	0.000000	0.000000	0.000000	0.000000	0.000000	0.000000	0.000000	0.000000	0.000000	0.000000	0.000000	0.000000	0.000000
60	V	O	1.000009	0.000000	0.000000	0.000000	0.000000	0.000000	0.000000	0.000000	0.000000	0.000000	0.000000	0.000000	0.000000	0.000000	0.000000	0.000000	0.000000	0.000000
61	Q	O	1.000012	0.000000	0.000000	0.000000	0.000000	0.000000	0.000000	0.000000	0.000000	0.000000	0.000000	0.000000	0.000000	0.000000	0.000000	0.000000	0.000000	0.000000
62	I	O	1.000009	0.000000	0.000000	0.000000	0.000000	0.000000	0.000000	0.000000	0.000000	0.000000	0.000000	0.000000	0.000000	0.000000	0.000000	0.000000	0.000000	0.000000
63	D	O	1.000013	0.000000	0.000000	0.000000	0.000000	0.000000	0.000000	0.000000	0.000000	0.000000	0.000000	0.000000	0.000000	0.000000	0.000000	0.000000	0.000000	0.000000
64	D	O	1.000009	0.000000	0.000000	0.000000	0.000000	0.000000	0.000000	0.000000	0.000000	0.000000	0.000000	0.000000	0.000000	0.000000	0.000000	0.000000	0.000000	0.000000
65	K	O	1.000007	0.000000	0.000000	0.000000	0.000000	0.000000	0.000000	0.000000	0.000000	0.000000	0.000000	0.000000	0.000000	0.000000	0.000000	0.000000	0.000000	0.000000
66	Y	O	1.000000	0.000000	0.000000	0.000000	0.000000	0.000000	0.000000	0.000000	0.000000	0.000000	0.000000	0.000000	0.000000	0.000000	0.000000	0.000000	0.000000	0.000000
67	T	O	0.999999	0.000000	0.000000	0.000000	0.000000	0.000000	0.000000	0.000000	0.000000	0.000000	0.000000	0.000000	0.000000	0.000000	0.000000	0.000000	0.000000	0.000000
68	G	O	1.000007	0.000000	0.000000	0.000000	0.000000	0.000000	0.000000	0.000000	0.000000	0.000000	0.000000	0.000000	0.000000	0.000000	0.000000	0.000000	0.000000	0.000000
69	A	O	1.000006	0.000000	0.000000	0.000000	0.000000	0.000000	0.000000	0.000000	0.000000	0.000000	0.000000	0.000000	0.000000	0.000000	0.000000	0.000000	0.000000	0.000000
70	E	O	1.000001	0.000000	0.000000	0.000000	0.000000	0.000000	0.000000	0.000000	0.000000	0.000000	0.000000	0.000000	0.000000	0.000000	0.000000	0.000000	0.000000	0.000000
