# Name=JAEXCH010000014.1_14@GCA_023402275.1
# pos	aa	label	Other	Sec/SPI n	Sec/SPI h	Sec/SPI c	Sec/SPII n	Sec/SPII h	Sec/SPII cys	Tat/SPI n	Tat/SPI RR	Tat/SPI h	Tat/SPI c	Tat/SPII n	Tat/SPII RR	Tat/SPII h	Tat/SPII cys	Sec/SPIII P	Sec/SPIII cons.	Sec/SPIII h
1	M	O	0.970774	0.029049	0.000000	0.000000	0.000148	0.000000	0.000000	0.000000	0.000000	0.000000	0.000000	0.000000	0.000000	0.000000	0.000000	0.000017	0.000000	0.000000
2	K	O	0.970774	0.026704	0.002344	0.000000	0.000139	0.000009	0.000000	0.000000	0.000000	0.000000	0.000000	0.000000	0.000000	0.000000	0.000000	0.000014	0.000003	0.000000
3	R	O	0.970776	0.023421	0.005583	0.000045	0.000125	0.000023	0.000000	0.000000	0.000000	0.000000	0.000000	0.000000	0.000000	0.000000	0.000000	0.000011	0.000004	0.000002
4	L	O	0.970791	0.021059	0.007827	0.000153	0.000109	0.000038	0.000000	0.000000	0.000000	0.000000	0.000000	0.000000	0.000000	0.000000	0.000000	0.000009	0.000004	0.000003
5	P	O	0.970829	0.019773	0.008901	0.000331	0.000099	0.000047	0.000001	0.000000	0.000000	0.000000	0.000000	0.000000	0.000000	0.000000	0.000000	0.000007	0.000003	0.000003
6	F	O	0.970918	0.018623	0.009849	0.000452	0.000090	0.000054	0.000002	0.000000	0.000000	0.000000	0.000000	0.000000	0.000000	0.000000	0.000000	0.000005	0.000003	0.000003
7	K	O	0.971050	0.017603	0.010669	0.000528	0.000082	0.000060	0.000003	0.000000	0.000000	0.000000	0.000000	0.000000	0.000000	0.000000	0.000000	0.000004	0.000002	0.000002
8	N	O	0.971220	0.016246	0.011878	0.000511	0.000071	0.000066	0.000004	0.000000	0.000000	0.000000	0.000000	0.000000	0.000000	0.000000	0.000000	0.000003	0.000001	0.000002
9	K	O	0.971447	0.013808	0.014244	0.000368	0.000056	0.000075	0.000006	0.000000	0.000000	0.000000	0.000000	0.000000	0.000000	0.000000	0.000000	0.000002	0.000002	0.000001
10	L	O	0.971671	0.004987	0.023046	0.000169	0.000020	0.000105	0.000006	0.000000	0.000000	0.000000	0.000000	0.000000	0.000000	0.000000	0.000000	0.000000	0.000002	0.000001
11	W	O	0.971778	0.001159	0.026852	0.000087	0.000007	0.000112	0.000006	0.000000	0.000000	0.000000	0.000000	0.000000	0.000000	0.000000	0.000000	0.000000	0.000001	0.000002
12	V	O	0.971842	0.000201	0.027783	0.000060	0.000002	0.000109	0.000008	0.000000	0.000000	0.000000	0.000000	0.000000	0.000000	0.000000	0.000000	0.000000	0.000000	0.000002
13	I	O	0.971888	0.000033	0.027915	0.000060	0.000001	0.000101	0.000010	0.000000	0.000000	0.000000	0.000000	0.000000	0.000000	0.000000	0.000000	0.000000	0.000000	0.000002
14	P	O	0.971932	0.000006	0.027886	0.000081	0.000000	0.000091	0.000010	0.000000	0.000000	0.000000	0.000000	0.000000	0.000000	0.000000	0.000000	0.000000	0.000000	0.000001
15	V	O	0.971990	0.000001	0.027814	0.000109	0.000000	0.000082	0.000010	0.000000	0.000000	0.000000	0.000000	0.000000	0.000000	0.000000	0.000000	0.000000	0.000000	0.000001
16	I	O	0.972064	0.000000	0.027708	0.000152	0.000000	0.000072	0.000009	0.000000	0.000000	0.000000	0.000000	0.000000	0.000000	0.000000	0.000000	0.000000	0.000000	0.000001
17	A	O	0.972160	0.000000	0.027548	0.000227	0.000000	0.000064	0.000008	0.000000	0.000000	0.000000	0.000000	0.000000	0.000000	0.000000	0.000000	0.000000	0.000000	0.000001
18	V	O	0.972288	0.000000	0.027322	0.000331	0.000000	0.000057	0.000007	0.000000	0.000000	0.000000	0.000000	0.000000	0.000000	0.000000	0.000000	0.000000	0.000000	0.000000
19	L	O	0.972453	0.000000	0.026969	0.000524	0.000000	0.000050	0.000006	0.000000	0.000000	0.000000	0.000000	0.000000	0.000000	0.000000	0.000000	0.000000	0.000000	0.000000
20	M	O	0.972656	0.000000	0.026302	0.000996	0.000000	0.000044	0.000006	0.000000	0.000000	0.000000	0.000000	0.000000	0.000000	0.000000	0.000000	0.000000	0.000000	0.000000
21	S	O	0.972927	0.000000	0.025082	0.001949	0.000000	0.000038	0.000007	0.000000	0.000000	0.000000	0.000000	0.000000	0.000000	0.000000	0.000000	0.000000	0.000000	0.000000
22	T	O	0.973447	0.000000	0.023776	0.002740	0.000000	0.000030	0.000008	0.000000	0.000000	0.000000	0.000000	0.000000	0.000000	0.000000	0.000000	0.000000	0.000000	0.000000
23	S	O	0.974029	0.000000	0.022545	0.003394	0.000000	0.000023	0.000007	0.000000	0.000000	0.000000	0.000000	0.000000	0.000000	0.000000	0.000000	0.000000	0.000000	0.000000
24	F	O	0.974691	0.000000	0.021457	0.003821	0.000000	0.000017	0.000007	0.000000	0.000000	0.000000	0.000000	0.000000	0.000000	0.000000	0.000000	0.000000	0.000000	0.000000
25	F	O	0.975335	0.000000	0.020463	0.004178	0.000000	0.000012	0.000005	0.000000	0.000000	0.000000	0.000000	0.000000	0.000000	0.000000	0.000000	0.000000	0.000000	0.000000
26	I	O	0.975900	0.000000	0.019316	0.004768	0.000000	0.000009	0.000003	0.000000	0.000000	0.000000	0.000000	0.000000	0.000000	0.000000	0.000000	0.000000	0.000000	0.000000
27	I	O	0.976308	0.000000	0.017575	0.006102	0.000000	0.000006	0.000003	0.000000	0.000000	0.000000	0.000000	0.000000	0.000000	0.000000	0.000000	0.000000	0.000000	0.000000
28	Y	O	0.976666	0.000000	0.014433	0.008883	0.000000	0.000003	0.000003	0.000000	0.000000	0.000000	0.000000	0.000000	0.000000	0.000000	0.000000	0.000000	0.000000	0.000000
29	D	O	0.977262	0.000000	0.010129	0.012591	0.000000	0.000001	0.000002	0.000000	0.000000	0.000000	0.000000	0.000000	0.000000	0.000000	0.000000	0.000000	0.000000	0.000000
30	A	O	0.978329	0.000000	0.007225	0.014430	0.000000	0.000000	0.000001	0.000000	0.000000	0.000000	0.000000	0.000000	0.000000	0.000000	0.000000	0.000000	0.000000	0.000000
31	E	O	0.979316	0.000000	0.004029	0.016641	0.000000	0.000000	0.000000	0.000000	0.000000	0.000000	0.000000	0.000000	0.000000	0.000000	0.000000	0.000000	0.000000	0.000000
32	E	O	0.980260	0.000000	0.001830	0.017896	0.000000	0.000000	0.000000	0.000000	0.000000	0.000000	0.000000	0.000000	0.000000	0.000000	0.000000	0.000000	0.000000	0.000000
33	S	O	0.981532	0.000000	0.000721	0.017734	0.000000	0.000000	0.000000	0.000000	0.000000	0.000000	0.000000	0.000000	0.000000	0.000000	0.000000	0.000000	0.000000	0.000000
34	D	O	0.983297	0.000000	0.000265	0.016422	0.000000	0.000000	0.000000	0.000000	0.000000	0.000000	0.000000	0.000000	0.000000	0.000000	0.000000	0.000000	0.000000	0.000000
35	A	O	0.986405	0.000000	0.000137	0.013443	0.000000	0.000000	0.000000	0.000000	0.000000	0.000000	0.000000	0.000000	0.000000	0.000000	0.000000	0.000000	0.000000	0.000000
36	A	O	0.991028	0.000000	0.000096	0.008866	0.000000	0.000000	0.000000	0.000000	0.000000	0.000000	0.000000	0.000000	0.000000	0.000000	0.000000	0.000000	0.000000	0.000000
37	P	O	0.993776	0.000000	0.000069	0.006147	0.000000	0.000000	0.000000	0.000000	0.000000	0.000000	0.000000	0.000000	0.000000	0.000000	0.000000	0.000000	0.000000	0.000000
38	P	O	0.995549	0.000000	0.000050	0.004395	0.000000	0.000000	0.000000	0.000000	0.000000	0.000000	0.000000	0.000000	0.000000	0.000000	0.000000	0.000000	0.000000	0.000000
39	T	O	0.996786	0.000000	0.000038	0.003162	0.000000	0.000000	0.000000	0.000000	0.000000	0.000000	0.000000	0.000000	0.000000	0.000000	0.000000	0.000000	0.000000	0.000000
40	V	O	0.997517	0.000000	0.000027	0.002446	0.000000	0.000000	0.000000	0.000000	0.000000	0.000000	0.000000	0.000000	0.000000	0.000000	0.000000	0.000000	0.000000	0.000000
41	T	O	0.998076	0.000000	0.000019	0.001892	0.000000	0.000000	0.000000	0.000000	0.000000	0.000000	0.000000	0.000000	0.000000	0.000000	0.000000	0.000000	0.000000	0.000000
42	L	O	0.998526	0.000000	0.000013	0.001450	0.000000	0.000000	0.000000	0.000000	0.000000	0.000000	0.000000	0.000000	0.000000	0.000000	0.000000	0.000000	0.000000	0.000000
43	T	O	0.998886	0.000000	0.000009	0.001090	0.000000	0.000000	0.000000	0.000000	0.000000	0.000000	0.000000	0.000000	0.000000	0.000000	0.000000	0.000000	0.000000	0.000000
44	D	O	0.999159	0.000000	0.000006	0.000826	0.000000	0.000000	0.000000	0.000000	0.000000	0.000000	0.000000	0.000000	0.000000	0.000000	0.000000	0.000000	0.000000	0.000000
45	L	O	0.999365	0.000000	0.000004	0.000624	0.000000	0.000000	0.000000	0.000000	0.000000	0.000000	0.000000	0.000000	0.000000	0.000000	0.000000	0.000000	0.000000	0.000000
46	S	O	0.999511	0.000000	0.000002	0.000471	0.000000	0.000000	0.000000	0.000000	0.000000	0.000000	0.000000	0.000000	0.000000	0.000000	0.000000	0.000000	0.000000	0.000000
47	I	O	0.999640	0.000000	0.000002	0.000343	0.000000	0.000000	0.000000	0.000000	0.000000	0.000000	0.000000	0.000000	0.000000	0.000000	0.000000	0.000000	0.000000	0.000000
48	G	O	0.999748	0.000000	0.000001	0.000242	0.000000	0.000000	0.000000	0.000000	0.000000	0.000000	0.000000	0.000000	0.000000	0.000000	0.000000	0.000000	0.000000	0.000000
49	Y	O	0.999823	0.000000	0.000001	0.000163	0.000000	0.000000	0.000000	0.000000	0.000000	0.000000	0.000000	0.000000	0.000000	0.000000	0.000000	0.000000	0.000000	0.000000
50	A	O	0.999886	0.000000	0.000000	0.000108	0.000000	0.000000	0.000000	0.000000	0.000000	0.000000	0.000000	0.000000	0.000000	0.000000	0.000000	0.000000	0.000000	0.000000
51	P	O	0.999924	0.000000	0.000000	0.000070	0.000000	0.000000	0.000000	0.000000	0.000000	0.000000	0.000000	0.000000	0.000000	0.000000	0.000000	0.000000	0.000000	0.000000
52	K	O	0.999945	0.000000	0.000000	0.000044	0.000000	0.000000	0.000000	0.000000	0.000000	0.000000	0.000000	0.000000	0.000000	0.000000	0.000000	0.000000	0.000000	0.000000
53	F	O	0.999960	0.000000	0.000000	0.000028	0.000000	0.000000	0.000000	0.000000	0.000000	0.000000	0.000000	0.000000	0.000000	0.000000	0.000000	0.000000	0.000000	0.000000
54	T	O	0.999970	0.000000	0.000000	0.000018	0.000000	0.000001	0.000000	0.000000	0.000000	0.000000	0.000000	0.000000	0.000000	0.000000	0.000000	0.000000	0.000000	0.000000
55	V	O	0.999982	0.000000	0.000000	0.000011	0.000000	0.000001	0.000000	0.000000	0.000000	0.000000	0.000000	0.000000	0.000000	0.000000	0.000000	0.000001	0.000000	0.000000
56	S	O	0.999984	0.000000	0.000000	0.000006	0.000000	0.000001	0.000001	0.000000	0.000000	0.000000	0.000001	0.000000	0.000000	0.000000	0.000000	0.000001	0.000000	0.000000
57	P	O	0.999988	0.000000	0.000000	0.000004	0.000000	0.000001	0.000001	0.000000	0.000000	0.000000	0.000001	0.000000	0.000000	0.000000	0.000000	0.000001	0.000000	0.000000
58	W	O	0.999982	0.000000	0.000000	0.000002	0.000001	0.000001	0.000001	0.000001	0.000000	0.000001	0.000001	0.000000	0.000000	0.000000	0.000000	0.000001	0.000000	0.000001
59	K	O	0.999988	0.000000	0.000000	0.000001	0.000001	0.000001	0.000001	0.000001	0.000000	0.000001	0.000001	0.000000	0.000000	0.000000	0.000000	0.000002	0.000001	0.000001
60	V	O	0.999988	0.000000	0.000000	0.000001	0.000001	0.000001	0.000001	0.000001	0.000000	0.000001	0.000002	0.000000	0.000000	0.000000	0.000000	0.000002	0.000001	0.000001
61	N	O	0.999985	0.000000	0.000000	0.000000	0.000001	0.000002	0.000001	0.000002	0.000000	0.000001	0.000002	0.000000	0.000000	0.000000	0.000000	0.000003	0.000001	0.000001
62	E	O	0.999983	0.000000	0.000000	0.000000	0.000002	0.000002	0.000002	0.000003	0.000000	0.000002	0.000003	0.000000	0.000000	0.000000	0.000001	0.000005	0.000001	0.000001
63	Y	O	0.999968	0.000000	0.000000	0.000000	0.000003	0.000003	0.000002	0.000004	0.000000	0.000003	0.000004	0.000000	0.000000	0.000001	0.000001	0.000007	0.000002	0.000002
64	N	O	0.999956	0.000000	0.000000	0.000000	0.000003	0.000005	0.000003	0.000006	0.000001	0.000005	0.000007	0.000000	0.000000	0.000001	0.000002	0.000010	0.000003	0.000003
65	S	O	0.999927	0.000000	0.000000	0.000000	0.000003	0.000008	0.000004	0.000009	0.000001	0.000009	0.000011	0.000000	0.000000	0.000002	0.000003	0.000014	0.000006	0.000005
66	I	O	0.999895	0.000000	0.000000	0.000000	0.000001	0.000012	0.000007	0.000009	0.000000	0.000015	0.000018	0.000000	0.000000	0.000003	0.000004	0.000014	0.000012	0.000008
67	T	O	0.999863	0.000000	0.000000	0.000000	0.000000	0.000014	0.000013	0.000006	0.000000	0.000021	0.000031	0.000000	0.000000	0.000004	0.000007	0.000008	0.000018	0.000015
68	G	O	0.999851	0.000000	0.000000	0.000000	0.000000	0.000010	0.000021	0.000000	0.000000	0.000018	0.000049	0.000000	0.000000	0.000004	0.000011	0.000000	0.000018	0.000024
69	V	O	0.999871	0.000000	0.000000	0.000000	0.000000	0.000000	0.000026	0.000000	0.000000	0.000000	0.000060	0.000000	0.000000	0.000000	0.000019	0.000000	0.000000	0.000032
70	F	O	1.000003	0.000000	0.000000	0.000000	0.000000	0.000000	0.000000	0.000000	0.000000	0.000000	0.000000	0.000000	0.000000	0.000000	0.000000	0.000000	0.000000	0.000000
