# Name=WP_247730522.1@GCF_023093535.1
# pos	aa	label	Other	Sec/SPI n	Sec/SPI h	Sec/SPI c	Sec/SPII n	Sec/SPII h	Sec/SPII cys	Tat/SPI n	Tat/SPI RR	Tat/SPI h	Tat/SPI c	Tat/SPII n	Tat/SPII RR	Tat/SPII h	Tat/SPII cys	Sec/SPIII P	Sec/SPIII cons.	Sec/SPIII h
1	M	N	0.000000	0.000001	0.000000	0.000000	0.000000	0.000000	0.000000	0.999939	0.000000	0.000000	0.000000	0.000012	0.000000	0.000000	0.000000	0.000000	0.000000	0.000000
2	S	N	0.000000	0.000000	0.000000	0.000000	0.000000	0.000000	0.000000	0.985564	0.014377	0.000006	0.000000	0.000011	0.000001	0.000000	0.000000	0.000000	0.000000	0.000000
3	R	N	0.000000	0.000000	0.000000	0.000000	0.000000	0.000000	0.000000	0.981167	0.018759	0.000020	0.000000	0.000011	0.000001	0.000000	0.000000	0.000000	0.000000	0.000000
4	G	N	0.000000	0.000000	0.000000	0.000000	0.000000	0.000000	0.000000	0.983325	0.016578	0.000050	0.000000	0.000011	0.000001	0.000000	0.000000	0.000000	0.000000	0.000000
5	N	N	0.000000	0.000000	0.000000	0.000000	0.000000	0.000000	0.000000	0.987302	0.012538	0.000117	0.000000	0.000011	0.000001	0.000000	0.000000	0.000000	0.000000	0.000000
6	F	N	0.000000	0.000000	0.000000	0.000000	0.000000	0.000000	0.000000	0.987927	0.011684	0.000349	0.000000	0.000011	0.000001	0.000000	0.000000	0.000000	0.000000	0.000000
7	P	N	0.000000	0.000000	0.000000	0.000000	0.000000	0.000000	0.000000	0.987543	0.011283	0.001144	0.000000	0.000011	0.000001	0.000000	0.000000	0.000000	0.000000	0.000000
8	R	R	0.000000	0.000000	0.000000	0.000000	0.000000	0.000000	0.000000	0.053158	0.942176	0.004642	0.000000	0.000003	0.000009	0.000000	0.000000	0.000000	0.000000	0.000000
9	R	R	0.000000	0.000000	0.000000	0.000000	0.000000	0.000000	0.000000	0.041117	0.952941	0.005910	0.000000	0.000003	0.000009	0.000001	0.000000	0.000000	0.000000	0.000000
10	E	N	0.000000	0.000000	0.000000	0.000000	0.000000	0.000000	0.000000	0.974022	0.011597	0.014355	0.000000	0.000009	0.000002	0.000001	0.000000	0.000000	0.000000	0.000000
11	A	H	0.000000	0.000000	0.000000	0.000000	0.000000	0.000000	0.000000	0.071420	0.007467	0.921089	0.000000	0.000004	0.000002	0.000006	0.000000	0.000000	0.000000	0.000000
12	L	H	0.000000	0.000000	0.000000	0.000000	0.000000	0.000000	0.000000	0.010682	0.002872	0.986421	0.000000	0.000002	0.000001	0.000008	0.000000	0.000000	0.000000	0.000000
13	K	H	0.000000	0.000000	0.000000	0.000000	0.000000	0.000000	0.000000	0.004067	0.000938	0.994962	0.000001	0.000002	0.000001	0.000010	0.000000	0.000000	0.000000	0.000000
14	V	H	0.000000	0.000000	0.000000	0.000000	0.000000	0.000000	0.000000	0.002420	0.000219	0.997333	0.000001	0.000001	0.000000	0.000011	0.000000	0.000000	0.000000	0.000000
15	L	H	0.000001	0.000000	0.000000	0.000000	0.000000	0.000000	0.000000	0.001192	0.000150	0.998628	0.000002	0.000001	0.000000	0.000011	0.000000	0.000000	0.000000	0.000000
16	G	H	0.000001	0.000000	0.000000	0.000000	0.000000	0.000000	0.000000	0.000760	0.000139	0.999062	0.000004	0.000000	0.000000	0.000012	0.000000	0.000000	0.000000	0.000000
17	T	H	0.000003	0.000000	0.000000	0.000000	0.000000	0.000000	0.000000	0.000699	0.000099	0.999161	0.000008	0.000000	0.000000	0.000012	0.000000	0.000000	0.000000	0.000000
18	N	H	0.000005	0.000000	0.000000	0.000000	0.000000	0.000000	0.000000	0.000657	0.000066	0.999230	0.000012	0.000000	0.000000	0.000012	0.000000	0.000000	0.000000	0.000000
19	A	H	0.000008	0.000000	0.000000	0.000000	0.000000	0.000000	0.000000	0.000577	0.000076	0.999291	0.000018	0.000000	0.000000	0.000012	0.000000	0.000000	0.000000	0.000000
20	A	H	0.000013	0.000000	0.000000	0.000000	0.000000	0.000000	0.000000	0.000543	0.000051	0.999329	0.000029	0.000000	0.000000	0.000011	0.000000	0.000000	0.000000	0.000000
21	A	H	0.000017	0.000000	0.000000	0.000000	0.000000	0.000000	0.000000	0.000488	0.000045	0.999359	0.000062	0.000000	0.000000	0.000011	0.000000	0.000000	0.000000	0.000000
22	L	H	0.000021	0.000000	0.000000	0.000000	0.000000	0.000000	0.000000	0.000437	0.000037	0.999291	0.000184	0.000000	0.000000	0.000010	0.000001	0.000000	0.000000	0.000000
23	S	H	0.000026	0.000000	0.000000	0.000000	0.000000	0.000000	0.000000	0.000392	0.000030	0.998750	0.000773	0.000000	0.000000	0.000010	0.000001	0.000000	0.000000	0.000000
24	A	H	0.000032	0.000000	0.000000	0.000000	0.000000	0.000000	0.000000	0.000344	0.000025	0.996117	0.003453	0.000000	0.000000	0.000009	0.000001	0.000000	0.000000	0.000000
25	I	H	0.000041	0.000000	0.000000	0.000000	0.000000	0.000000	0.000000	0.000290	0.000029	0.982043	0.017567	0.000000	0.000000	0.000007	0.000001	0.000000	0.000000	0.000000
26	G	H	0.000051	0.000000	0.000000	0.000000	0.000000	0.000000	0.000000	0.000253	0.000029	0.882403	0.117234	0.000000	0.000000	0.000006	0.000001	0.000000	0.000000	0.000000
27	G	H	0.000128	0.000000	0.000000	0.000000	0.000000	0.000000	0.000000	0.000209	0.000023	0.800207	0.199409	0.000000	0.000000	0.000005	0.000001	0.000000	0.000000	0.000000
28	L	H	0.000297	0.000000	0.000000	0.000000	0.000000	0.000000	0.000000	0.000162	0.000013	0.713143	0.286365	0.000000	0.000000	0.000004	0.000001	0.000000	0.000000	0.000000
29	S	H	0.000508	0.000000	0.000000	0.000000	0.000000	0.000000	0.000000	0.000114	0.000007	0.576354	0.422994	0.000000	0.000000	0.000003	0.000001	0.000000	0.000000	0.000000
30	P	C	0.000835	0.000000	0.000000	0.000000	0.000000	0.000000	0.000000	0.000067	0.000003	0.422871	0.576200	0.000000	0.000000	0.000002	0.000001	0.000000	0.000000	0.000000
31	S	C	0.001591	0.000000	0.000000	0.000000	0.000000	0.000000	0.000000	0.000026	0.000000	0.282123	0.716234	0.000000	0.000000	0.000001	0.000001	0.000000	0.000000	0.000000
32	T	C	0.003195	0.000000	0.000000	0.000000	0.000000	0.000000	0.000000	0.000002	0.000000	0.140985	0.855796	0.000000	0.000000	0.000001	0.000001	0.000000	0.000000	0.000000
33	A	C	0.010833	0.000000	0.000000	0.000000	0.000000	0.000000	0.000000	0.000001	0.000000	0.006422	0.982725	0.000000	0.000000	0.000000	0.000000	0.000000	0.000000	0.000000
34	K	C	0.028800	0.000000	0.000000	0.000000	0.000000	0.000000	0.000000	0.000000	0.000000	0.000628	0.970550	0.000000	0.000000	0.000000	0.000000	0.000000	0.000000	0.000000
35	A	C	0.100036	0.000000	0.000000	0.000000	0.000000	0.000000	0.000000	0.000000	0.000000	0.000015	0.899930	0.000000	0.000000	0.000000	0.000000	0.000000	0.000000	0.000000
36	E	O	0.936621	0.000000	0.000000	0.000000	0.000000	0.000000	0.000000	0.000000	0.000000	0.000009	0.063350	0.000000	0.000000	0.000000	0.000000	0.000000	0.000000	0.000000
37	C	O	0.990376	0.000000	0.000000	0.000000	0.000000	0.000000	0.000000	0.000000	0.000000	0.000005	0.009596	0.000000	0.000000	0.000000	0.000000	0.000000	0.000000	0.000000
38	P	O	0.997966	0.000000	0.000000	0.000000	0.000000	0.000000	0.000000	0.000000	0.000000	0.000003	0.002011	0.000000	0.000000	0.000000	0.000000	0.000000	0.000000	0.000000
39	V	O	0.999445	0.000000	0.000000	0.000000	0.000000	0.000000	0.000000	0.000000	0.000000	0.000001	0.000530	0.000000	0.000000	0.000000	0.000000	0.000000	0.000000	0.000000
40	P	O	0.999787	0.000000	0.000000	0.000000	0.000000	0.000000	0.000000	0.000000	0.000000	0.000001	0.000189	0.000000	0.000000	0.000000	0.000000	0.000000	0.000000	0.000000
41	P	O	0.999912	0.000000	0.000000	0.000000	0.000000	0.000000	0.000000	0.000000	0.000000	0.000000	0.000069	0.000000	0.000000	0.000000	0.000000	0.000000	0.000000	0.000000
42	C	O	0.999955	0.000000	0.000000	0.000000	0.000000	0.000000	0.000000	0.000000	0.000000	0.000000	0.000024	0.000000	0.000000	0.000000	0.000000	0.000000	0.000000	0.000000
43	P	O	0.999965	0.000000	0.000000	0.000000	0.000000	0.000000	0.000000	0.000000	0.000000	0.000000	0.000009	0.000000	0.000000	0.000000	0.000000	0.000000	0.000000	0.000000
44	G	O	0.999969	0.000000	0.000000	0.000000	0.000000	0.000000	0.000000	0.000000	0.000000	0.000000	0.000003	0.000000	0.000000	0.000000	0.000000	0.000000	0.000000	0.000000
45	D	O	0.999974	0.000000	0.000000	0.000000	0.000000	0.000000	0.000000	0.000000	0.000000	0.000000	0.000001	0.000000	0.000000	0.000000	0.000000	0.000000	0.000000	0.000000
46	P	O	0.999980	0.000000	0.000000	0.000000	0.000000	0.000000	0.000000	0.000000	0.000000	0.000000	0.000000	0.000000	0.000000	0.000000	0.000000	0.000000	0.000000	0.000000
47	G	O	0.999976	0.000000	0.000000	0.000000	0.000000	0.000000	0.000000	0.000000	0.000000	0.000000	0.000000	0.000000	0.000000	0.000000	0.000000	0.000000	0.000000	0.000000
48	N	O	0.999981	0.000000	0.000000	0.000000	0.000000	0.000000	0.000000	0.000000	0.000000	0.000000	0.000000	0.000000	0.000000	0.000000	0.000000	0.000000	0.000000	0.000000
49	G	O	0.999977	0.000000	0.000000	0.000000	0.000000	0.000000	0.000000	0.000000	0.000000	0.000000	0.000000	0.000000	0.000000	0.000000	0.000000	0.000000	0.000000	0.000000
50	Q	O	0.999978	0.000000	0.000000	0.000000	0.000000	0.000000	0.000000	0.000000	0.000000	0.000000	0.000000	0.000000	0.000000	0.000000	0.000000	0.000000	0.000000	0.000000
51	E	O	0.999978	0.000000	0.000000	0.000000	0.000000	0.000000	0.000000	0.000000	0.000000	0.000000	0.000000	0.000000	0.000000	0.000000	0.000000	0.000000	0.000000	0.000000
52	R	O	0.999980	0.000000	0.000000	0.000000	0.000000	0.000000	0.000000	0.000000	0.000000	0.000000	0.000000	0.000000	0.000000	0.000000	0.000000	0.000000	0.000000	0.000000
53	E	O	0.999977	0.000000	0.000000	0.000000	0.000000	0.000000	0.000000	0.000000	0.000000	0.000000	0.000000	0.000000	0.000000	0.000000	0.000000	0.000000	0.000000	0.000000
54	E	O	0.999986	0.000000	0.000000	0.000000	0.000000	0.000000	0.000000	0.000000	0.000000	0.000000	0.000000	0.000000	0.000000	0.000000	0.000000	0.000000	0.000000	0.000000
55	E	O	0.999979	0.000000	0.000000	0.000000	0.000000	0.000000	0.000000	0.000000	0.000000	0.000000	0.000000	0.000000	0.000000	0.000000	0.000000	0.000000	0.000000	0.000000
56	T	O	0.999981	0.000000	0.000000	0.000000	0.000000	0.000000	0.000000	0.000000	0.000000	0.000000	0.000000	0.000000	0.000000	0.000000	0.000000	0.000000	0.000000	0.000000
57	A	O	0.999988	0.000000	0.000000	0.000000	0.000000	0.000000	0.000000	0.000000	0.000000	0.000000	0.000000	0.000000	0.000000	0.000000	0.000000	0.000000	0.000000	0.000000
58	T	O	0.999985	0.000000	0.000000	0.000000	0.000000	0.000000	0.000000	0.000000	0.000000	0.000000	0.000000	0.000000	0.000000	0.000000	0.000000	0.000000	0.000000	0.000000
59	D	O	0.999991	0.000000	0.000000	0.000000	0.000000	0.000000	0.000000	0.000000	0.000000	0.000000	0.000000	0.000000	0.000000	0.000000	0.000000	0.000000	0.000000	0.000000
60	S	O	0.999989	0.000000	0.000000	0.000000	0.000000	0.000000	0.000000	0.000000	0.000000	0.000000	0.000000	0.000000	0.000000	0.000000	0.000000	0.000000	0.000000	0.000000
61	Y	O	0.999992	0.000000	0.000000	0.000000	0.000000	0.000000	0.000000	0.000000	0.000000	0.000000	0.000000	0.000000	0.000000	0.000000	0.000000	0.000000	0.000000	0.000000
62	T	O	0.999999	0.000000	0.000000	0.000000	0.000000	0.000000	0.000000	0.000000	0.000000	0.000000	0.000000	0.000000	0.000000	0.000000	0.000000	0.000000	0.000000	0.000000
63	G	O	0.999989	0.000000	0.000000	0.000000	0.000000	0.000000	0.000000	0.000000	0.000000	0.000000	0.000000	0.000000	0.000000	0.000000	0.000000	0.000000	0.000000	0.000000
64	P	O	0.999992	0.000000	0.000000	0.000000	0.000000	0.000000	0.000000	0.000000	0.000000	0.000000	0.000000	0.000000	0.000000	0.000000	0.000000	0.000000	0.000000	0.000000
65	E	O	0.999990	0.000000	0.000000	0.000000	0.000000	0.000000	0.000000	0.000000	0.000000	0.000000	0.000000	0.000000	0.000000	0.000000	0.000000	0.000000	0.000000	0.000000
66	M	O	0.999989	0.000000	0.000000	0.000000	0.000000	0.000000	0.000000	0.000000	0.000000	0.000000	0.000000	0.000000	0.000000	0.000000	0.000000	0.000000	0.000000	0.000000
67	R	O	0.999997	0.000000	0.000000	0.000000	0.000000	0.000000	0.000000	0.000000	0.000000	0.000000	0.000000	0.000000	0.000000	0.000000	0.000000	0.000000	0.000000	0.000000
68	G	O	0.999994	0.000000	0.000000	0.000000	0.000000	0.000000	0.000000	0.000000	0.000000	0.000000	0.000000	0.000000	0.000000	0.000000	0.000000	0.000000	0.000000	0.000000
69	N	O	1.000002	0.000000	0.000000	0.000000	0.000000	0.000000	0.000000	0.000000	0.000000	0.000000	0.000000	0.000000	0.000000	0.000000	0.000000	0.000000	0.000000	0.000000
70	G	O	1.000003	0.000000	0.000000	0.000000	0.000000	0.000000	0.000000	0.000000	0.000000	0.000000	0.000000	0.000000	0.000000	0.000000	0.000000	0.000000	0.000000	0.000000
