# Name=WP_123067460.1@GCF_003719335.1
# pos	aa	label	Other	Sec/SPI n	Sec/SPI h	Sec/SPI c	Sec/SPII n	Sec/SPII h	Sec/SPII cys	Tat/SPI n	Tat/SPI RR	Tat/SPI h	Tat/SPI c	Tat/SPII n	Tat/SPII RR	Tat/SPII h	Tat/SPII cys	Sec/SPIII P	Sec/SPIII cons.	Sec/SPIII h
1	M	N	0.002285	0.997653	0.000000	0.000000	0.000003	0.000000	0.000000	0.000000	0.000000	0.000000	0.000000	0.000000	0.000000	0.000000	0.000000	0.000000	0.000000	0.000000
2	N	N	0.002285	0.984196	0.013464	0.000000	0.000003	0.000000	0.000000	0.000000	0.000000	0.000000	0.000000	0.000000	0.000000	0.000000	0.000000	0.000000	0.000000	0.000000
3	S	N	0.002285	0.880298	0.117362	0.000000	0.000003	0.000000	0.000000	0.000000	0.000000	0.000000	0.000000	0.000000	0.000000	0.000000	0.000000	0.000000	0.000000	0.000000
4	L	N	0.002285	0.837797	0.159857	0.000003	0.000003	0.000001	0.000000	0.000000	0.000000	0.000000	0.000000	0.000000	0.000000	0.000000	0.000000	0.000000	0.000000	0.000000
5	L	N	0.002286	0.820027	0.177621	0.000007	0.000003	0.000001	0.000000	0.000000	0.000000	0.000000	0.000000	0.000000	0.000000	0.000000	0.000000	0.000000	0.000000	0.000000
6	R	N	0.002287	0.806643	0.190998	0.000011	0.000002	0.000001	0.000000	0.000000	0.000000	0.000000	0.000000	0.000000	0.000000	0.000000	0.000000	0.000000	0.000000	0.000000
7	K	N	0.002290	0.793059	0.204576	0.000013	0.000002	0.000001	0.000000	0.000000	0.000000	0.000000	0.000000	0.000000	0.000000	0.000000	0.000000	0.000000	0.000000	0.000000
8	P	N	0.002293	0.771986	0.225650	0.000014	0.000002	0.000001	0.000000	0.000000	0.000000	0.000000	0.000000	0.000000	0.000000	0.000000	0.000000	0.000000	0.000000	0.000000
9	L	N	0.002296	0.746159	0.251470	0.000013	0.000002	0.000001	0.000000	0.000000	0.000000	0.000000	0.000000	0.000000	0.000000	0.000000	0.000000	0.000000	0.000000	0.000000
10	K	N	0.002299	0.719592	0.278036	0.000012	0.000002	0.000001	0.000000	0.000000	0.000000	0.000000	0.000000	0.000000	0.000000	0.000000	0.000000	0.000000	0.000000	0.000000
11	R	N	0.002302	0.631660	0.365965	0.000010	0.000002	0.000002	0.000000	0.000000	0.000000	0.000000	0.000000	0.000000	0.000000	0.000000	0.000000	0.000000	0.000000	0.000000
12	T	H	0.002307	0.191802	0.805825	0.000005	0.000000	0.000003	0.000000	0.000000	0.000000	0.000000	0.000000	0.000000	0.000000	0.000000	0.000000	0.000000	0.000000	0.000000
13	I	H	0.002310	0.037159	0.960466	0.000003	0.000000	0.000003	0.000000	0.000000	0.000000	0.000000	0.000000	0.000000	0.000000	0.000000	0.000000	0.000000	0.000000	0.000000
14	S	H	0.002311	0.010295	0.987332	0.000003	0.000000	0.000003	0.000000	0.000000	0.000000	0.000000	0.000000	0.000000	0.000000	0.000000	0.000000	0.000000	0.000000	0.000000
15	A	H	0.002313	0.001554	0.996071	0.000002	0.000000	0.000003	0.000000	0.000000	0.000000	0.000000	0.000000	0.000000	0.000000	0.000000	0.000000	0.000000	0.000000	0.000000
16	L	H	0.002314	0.000239	0.997394	0.000002	0.000000	0.000003	0.000000	0.000000	0.000000	0.000000	0.000000	0.000000	0.000000	0.000000	0.000000	0.000000	0.000000	0.000000
17	L	H	0.002315	0.000045	0.997584	0.000003	0.000000	0.000003	0.000000	0.000000	0.000000	0.000000	0.000000	0.000000	0.000000	0.000000	0.000000	0.000000	0.000000	0.000000
18	V	H	0.002317	0.000007	0.997615	0.000004	0.000000	0.000003	0.000000	0.000000	0.000000	0.000000	0.000000	0.000000	0.000000	0.000000	0.000000	0.000000	0.000000	0.000000
19	T	H	0.002318	0.000001	0.997615	0.000011	0.000000	0.000003	0.000000	0.000000	0.000000	0.000000	0.000000	0.000000	0.000000	0.000000	0.000000	0.000000	0.000000	0.000000
20	S	H	0.002321	0.000000	0.997592	0.000034	0.000000	0.000003	0.000000	0.000000	0.000000	0.000000	0.000000	0.000000	0.000000	0.000000	0.000000	0.000000	0.000000	0.000000
21	I	H	0.002327	0.000000	0.997531	0.000087	0.000000	0.000003	0.000000	0.000000	0.000000	0.000000	0.000000	0.000000	0.000000	0.000000	0.000000	0.000000	0.000000	0.000000
22	F	H	0.002333	0.000000	0.997280	0.000336	0.000000	0.000002	0.000000	0.000000	0.000000	0.000000	0.000000	0.000000	0.000000	0.000000	0.000000	0.000000	0.000000	0.000000
23	A	H	0.002345	0.000000	0.996512	0.001089	0.000000	0.000002	0.000000	0.000000	0.000000	0.000000	0.000000	0.000000	0.000000	0.000000	0.000000	0.000000	0.000000	0.000000
24	T	H	0.002367	0.000000	0.994552	0.003028	0.000000	0.000002	0.000000	0.000000	0.000000	0.000000	0.000000	0.000000	0.000000	0.000000	0.000000	0.000000	0.000000	0.000000
25	I	H	0.002392	0.000000	0.989315	0.008241	0.000000	0.000002	0.000000	0.000000	0.000000	0.000000	0.000000	0.000000	0.000000	0.000000	0.000000	0.000000	0.000000	0.000000
26	L	H	0.002414	0.000000	0.968479	0.029062	0.000000	0.000001	0.000000	0.000000	0.000000	0.000000	0.000000	0.000000	0.000000	0.000000	0.000000	0.000000	0.000000	0.000000
27	F	H	0.002436	0.000000	0.872628	0.124887	0.000000	0.000001	0.000000	0.000000	0.000000	0.000000	0.000000	0.000000	0.000000	0.000000	0.000000	0.000000	0.000000	0.000000
28	G	C	0.002463	0.000000	0.450508	0.546982	0.000000	0.000001	0.000000	0.000000	0.000000	0.000000	0.000000	0.000000	0.000000	0.000000	0.000000	0.000000	0.000000	0.000000
29	N	C	0.002592	0.000000	0.104865	0.892491	0.000000	0.000001	0.000000	0.000000	0.000000	0.000000	0.000000	0.000000	0.000000	0.000000	0.000000	0.000000	0.000000	0.000000
30	Y	C	0.003006	0.000000	0.038522	0.958424	0.000000	0.000000	0.000000	0.000000	0.000000	0.000000	0.000000	0.000000	0.000000	0.000000	0.000000	0.000000	0.000000	0.000000
31	A	C	0.003392	0.000000	0.001187	0.995372	0.000000	0.000000	0.000000	0.000000	0.000000	0.000000	0.000000	0.000000	0.000000	0.000000	0.000000	0.000000	0.000000	0.000000
32	F	C	0.007995	0.000000	0.000091	0.991870	0.000000	0.000000	0.000000	0.000000	0.000000	0.000000	0.000000	0.000000	0.000000	0.000000	0.000000	0.000000	0.000000	0.000000
33	A	C	0.036981	0.000000	0.000002	0.962968	0.000000	0.000000	0.000000	0.000000	0.000000	0.000000	0.000000	0.000000	0.000000	0.000000	0.000000	0.000000	0.000000	0.000000
34	A	O	0.972323	0.000000	0.000002	0.027626	0.000000	0.000000	0.000000	0.000000	0.000000	0.000000	0.000000	0.000000	0.000000	0.000000	0.000000	0.000000	0.000000	0.000000
35	D	O	0.990626	0.000000	0.000001	0.009324	0.000000	0.000000	0.000000	0.000000	0.000000	0.000000	0.000000	0.000000	0.000000	0.000000	0.000000	0.000000	0.000000	0.000000
36	Q	O	0.995360	0.000000	0.000001	0.004593	0.000000	0.000000	0.000000	0.000000	0.000000	0.000000	0.000000	0.000000	0.000000	0.000000	0.000000	0.000000	0.000000	0.000000
37	P	O	0.996837	0.000000	0.000001	0.003120	0.000000	0.000000	0.000000	0.000000	0.000000	0.000000	0.000000	0.000000	0.000000	0.000000	0.000000	0.000000	0.000000	0.000000
38	V	O	0.997653	0.000000	0.000000	0.002302	0.000000	0.000000	0.000000	0.000000	0.000000	0.000000	0.000000	0.000000	0.000000	0.000000	0.000000	0.000000	0.000000	0.000000
39	N	O	0.998165	0.000000	0.000000	0.001792	0.000000	0.000000	0.000000	0.000000	0.000000	0.000000	0.000000	0.000000	0.000000	0.000000	0.000000	0.000000	0.000000	0.000000
40	H	O	0.998560	0.000000	0.000000	0.001398	0.000000	0.000000	0.000000	0.000000	0.000000	0.000000	0.000000	0.000000	0.000000	0.000000	0.000000	0.000000	0.000000	0.000000
41	T	O	0.998888	0.000000	0.000000	0.001075	0.000000	0.000000	0.000000	0.000000	0.000000	0.000000	0.000000	0.000000	0.000000	0.000000	0.000000	0.000000	0.000000	0.000000
42	E	O	0.999158	0.000000	0.000000	0.000808	0.000000	0.000000	0.000000	0.000000	0.000000	0.000000	0.000000	0.000000	0.000000	0.000000	0.000000	0.000000	0.000000	0.000000
43	A	O	0.999394	0.000000	0.000000	0.000576	0.000000	0.000000	0.000000	0.000000	0.000000	0.000000	0.000000	0.000000	0.000000	0.000000	0.000000	0.000000	0.000000	0.000000
44	S	O	0.999623	0.000000	0.000000	0.000349	0.000000	0.000000	0.000000	0.000000	0.000000	0.000000	0.000000	0.000000	0.000000	0.000000	0.000000	0.000000	0.000000	0.000000
45	N	O	0.999772	0.000000	0.000000	0.000205	0.000000	0.000000	0.000000	0.000000	0.000000	0.000000	0.000000	0.000000	0.000000	0.000000	0.000000	0.000000	0.000000	0.000000
46	S	O	0.999873	0.000000	0.000000	0.000108	0.000000	0.000000	0.000000	0.000000	0.000000	0.000000	0.000000	0.000000	0.000000	0.000000	0.000000	0.000000	0.000000	0.000000
47	L	O	0.999922	0.000000	0.000000	0.000060	0.000000	0.000000	0.000000	0.000000	0.000000	0.000000	0.000000	0.000000	0.000000	0.000000	0.000000	0.000000	0.000000	0.000000
48	T	O	0.999951	0.000000	0.000000	0.000034	0.000000	0.000000	0.000000	0.000000	0.000000	0.000000	0.000000	0.000000	0.000000	0.000000	0.000000	0.000000	0.000000	0.000000
49	W	O	0.999964	0.000000	0.000000	0.000019	0.000000	0.000000	0.000000	0.000000	0.000000	0.000000	0.000000	0.000000	0.000000	0.000000	0.000000	0.000000	0.000000	0.000000
50	R	O	0.999973	0.000000	0.000000	0.000010	0.000000	0.000000	0.000000	0.000000	0.000000	0.000000	0.000000	0.000000	0.000000	0.000000	0.000000	0.000000	0.000000	0.000000
51	E	O	0.999979	0.000000	0.000000	0.000006	0.000000	0.000000	0.000000	0.000000	0.000000	0.000000	0.000000	0.000000	0.000000	0.000000	0.000000	0.000000	0.000000	0.000000
52	A	O	0.999980	0.000000	0.000000	0.000003	0.000000	0.000000	0.000000	0.000000	0.000000	0.000000	0.000000	0.000000	0.000000	0.000000	0.000000	0.000000	0.000000	0.000000
53	G	O	0.999979	0.000000	0.000000	0.000002	0.000001	0.000000	0.000000	0.000000	0.000000	0.000000	0.000000	0.000000	0.000000	0.000000	0.000000	0.000000	0.000000	0.000000
54	N	O	0.999982	0.000000	0.000000	0.000001	0.000001	0.000000	0.000000	0.000001	0.000000	0.000000	0.000000	0.000000	0.000000	0.000000	0.000000	0.000001	0.000000	0.000000
55	N	O	0.999976	0.000000	0.000000	0.000000	0.000003	0.000001	0.000000	0.000002	0.000000	0.000000	0.000000	0.000000	0.000000	0.000000	0.000000	0.000001	0.000000	0.000000
56	H	O	0.999968	0.000000	0.000000	0.000000	0.000005	0.000002	0.000000	0.000004	0.000001	0.000001	0.000000	0.000000	0.000000	0.000000	0.000000	0.000003	0.000000	0.000000
57	Y	O	0.999947	0.000000	0.000000	0.000000	0.000008	0.000005	0.000001	0.000008	0.000001	0.000002	0.000000	0.000001	0.000000	0.000000	0.000000	0.000005	0.000001	0.000000
58	D	O	0.999921	0.000000	0.000000	0.000000	0.000012	0.000013	0.000001	0.000015	0.000002	0.000005	0.000001	0.000001	0.000000	0.000001	0.000000	0.000008	0.000003	0.000001
59	I	O	0.999873	0.000000	0.000000	0.000000	0.000013	0.000026	0.000003	0.000022	0.000004	0.000014	0.000002	0.000002	0.000001	0.000002	0.000000	0.000008	0.000007	0.000002
60	Y	O	0.999819	0.000000	0.000000	0.000000	0.000015	0.000042	0.000005	0.000030	0.000005	0.000027	0.000003	0.000002	0.000001	0.000004	0.000001	0.000010	0.000012	0.000005
61	S	O	0.999743	0.000000	0.000000	0.000000	0.000017	0.000062	0.000008	0.000040	0.000007	0.000044	0.000007	0.000003	0.000001	0.000007	0.000002	0.000012	0.000017	0.000009
62	A	O	0.999665	0.000000	0.000000	0.000000	0.000017	0.000085	0.000012	0.000048	0.000008	0.000068	0.000013	0.000003	0.000001	0.000010	0.000002	0.000013	0.000021	0.000016
63	Y	O	0.999555	0.000000	0.000000	0.000000	0.000018	0.000110	0.000021	0.000056	0.000009	0.000101	0.000026	0.000003	0.000001	0.000015	0.000004	0.000016	0.000027	0.000024
64	S	O	0.999420	0.000000	0.000000	0.000000	0.000018	0.000141	0.000025	0.000066	0.000008	0.000140	0.000048	0.000003	0.000001	0.000022	0.000006	0.000019	0.000034	0.000035
65	I	O	0.999280	0.000000	0.000000	0.000000	0.000012	0.000169	0.000043	0.000061	0.000007	0.000185	0.000082	0.000002	0.000000	0.000030	0.000011	0.000018	0.000042	0.000052
66	G	O	0.999043	0.000000	0.000000	0.000000	0.000008	0.000198	0.000069	0.000061	0.000005	0.000225	0.000159	0.000002	0.000000	0.000042	0.000026	0.000021	0.000052	0.000078
67	F	O	0.998849	0.000000	0.000000	0.000000	0.000000	0.000191	0.000116	0.000043	0.000000	0.000238	0.000266	0.000000	0.000000	0.000050	0.000048	0.000014	0.000064	0.000112
68	M	O	0.998538	0.000000	0.000000	0.000000	0.000000	0.000163	0.000197	0.000000	0.000000	0.000224	0.000456	0.000000	0.000000	0.000065	0.000095	0.000000	0.000064	0.000190
69	G	O	0.998024	0.000000	0.000000	0.000000	0.000000	0.000000	0.000486	0.000000	0.000000	0.000000	0.000857	0.000000	0.000000	0.000000	0.000345	0.000000	0.000000	0.000288
70	A	O	1.000001	0.000000	0.000000	0.000000	0.000000	0.000000	0.000000	0.000000	0.000000	0.000000	0.000000	0.000000	0.000000	0.000000	0.000000	0.000000	0.000000	0.000000
