# Name=JAGXOR010000056.1_11@GCA_023659785.1
# pos	aa	label	Other	Sec/SPI n	Sec/SPI h	Sec/SPI c	Sec/SPII n	Sec/SPII h	Sec/SPII cys	Tat/SPI n	Tat/SPI RR	Tat/SPI h	Tat/SPI c	Tat/SPII n	Tat/SPII RR	Tat/SPII h	Tat/SPII cys	Sec/SPIII P	Sec/SPIII cons.	Sec/SPIII h
1	M	N	0.002029	0.997866	0.000000	0.000000	0.000050	0.000000	0.000000	0.000000	0.000000	0.000000	0.000000	0.000000	0.000000	0.000000	0.000000	0.000000	0.000000	0.000000
2	K	N	0.002029	0.988825	0.009038	0.000000	0.000049	0.000001	0.000000	0.000000	0.000000	0.000000	0.000000	0.000000	0.000000	0.000000	0.000000	0.000000	0.000000	0.000000
3	L	N	0.002029	0.902681	0.095185	0.000000	0.000043	0.000007	0.000000	0.000000	0.000000	0.000000	0.000000	0.000000	0.000000	0.000000	0.000000	0.000000	0.000000	0.000000
4	T	N	0.002029	0.878956	0.118899	0.000007	0.000041	0.000009	0.000000	0.000000	0.000000	0.000000	0.000000	0.000000	0.000000	0.000000	0.000000	0.000000	0.000000	0.000000
5	V	N	0.002031	0.862093	0.135762	0.000013	0.000039	0.000011	0.000000	0.000000	0.000000	0.000000	0.000000	0.000000	0.000000	0.000000	0.000000	0.000000	0.000000	0.000000
6	K	N	0.002034	0.849272	0.148571	0.000019	0.000038	0.000012	0.000000	0.000000	0.000000	0.000000	0.000000	0.000000	0.000000	0.000000	0.000000	0.000000	0.000000	0.000000
7	K	N	0.002038	0.826976	0.170866	0.000020	0.000036	0.000013	0.000000	0.000000	0.000000	0.000000	0.000000	0.000000	0.000000	0.000000	0.000000	0.000000	0.000000	0.000000
8	K	N	0.002044	0.740194	0.257638	0.000016	0.000031	0.000019	0.000000	0.000000	0.000000	0.000000	0.000000	0.000000	0.000000	0.000000	0.000000	0.000000	0.000000	0.000000
9	G	H	0.002052	0.323461	0.674371	0.000010	0.000012	0.000037	0.000000	0.000000	0.000000	0.000000	0.000000	0.000000	0.000000	0.000000	0.000000	0.000000	0.000000	0.000000
10	F	H	0.002058	0.031755	0.966081	0.000004	0.000002	0.000046	0.000000	0.000000	0.000000	0.000000	0.000000	0.000000	0.000000	0.000000	0.000000	0.000000	0.000000	0.000000
11	A	H	0.002061	0.004685	0.993150	0.000004	0.000001	0.000048	0.000000	0.000000	0.000000	0.000000	0.000000	0.000000	0.000000	0.000000	0.000000	0.000000	0.000000	0.000000
12	V	H	0.002063	0.000647	0.997181	0.000004	0.000000	0.000048	0.000000	0.000000	0.000000	0.000000	0.000000	0.000000	0.000000	0.000000	0.000000	0.000000	0.000000	0.000000
13	L	H	0.002066	0.000106	0.997721	0.000006	0.000000	0.000048	0.000000	0.000000	0.000000	0.000000	0.000000	0.000000	0.000000	0.000000	0.000000	0.000000	0.000000	0.000000
14	F	H	0.002069	0.000024	0.997798	0.000010	0.000000	0.000048	0.000000	0.000000	0.000000	0.000000	0.000000	0.000000	0.000000	0.000000	0.000000	0.000000	0.000000	0.000000
15	V	H	0.002075	0.000005	0.997813	0.000014	0.000000	0.000047	0.000001	0.000000	0.000000	0.000000	0.000000	0.000000	0.000000	0.000000	0.000000	0.000000	0.000000	0.000000
16	G	H	0.002084	0.000001	0.997798	0.000024	0.000000	0.000046	0.000001	0.000000	0.000000	0.000000	0.000000	0.000000	0.000000	0.000000	0.000000	0.000000	0.000000	0.000000
17	L	H	0.002097	0.000000	0.997767	0.000042	0.000000	0.000045	0.000001	0.000000	0.000000	0.000000	0.000000	0.000000	0.000000	0.000000	0.000000	0.000000	0.000000	0.000000
18	L	H	0.002111	0.000000	0.997668	0.000127	0.000000	0.000044	0.000001	0.000000	0.000000	0.000000	0.000000	0.000000	0.000000	0.000000	0.000000	0.000000	0.000000	0.000000
19	I	H	0.002130	0.000000	0.997280	0.000499	0.000000	0.000042	0.000002	0.000000	0.000000	0.000000	0.000000	0.000000	0.000000	0.000000	0.000000	0.000000	0.000000	0.000000
20	L	H	0.002158	0.000000	0.995532	0.002218	0.000000	0.000039	0.000003	0.000000	0.000000	0.000000	0.000000	0.000000	0.000000	0.000000	0.000000	0.000000	0.000000	0.000000
21	S	H	0.002184	0.000000	0.981504	0.016222	0.000000	0.000035	0.000004	0.000000	0.000000	0.000000	0.000000	0.000000	0.000000	0.000000	0.000000	0.000000	0.000000	0.000000
22	S	H	0.002259	0.000000	0.936915	0.060740	0.000000	0.000026	0.000009	0.000000	0.000000	0.000000	0.000000	0.000000	0.000000	0.000000	0.000000	0.000000	0.000000	0.000000
23	T	H	0.002389	0.000000	0.809602	0.187940	0.000000	0.000022	0.000005	0.000000	0.000000	0.000000	0.000000	0.000000	0.000000	0.000000	0.000000	0.000000	0.000000	0.000000
24	T	H	0.002656	0.000000	0.640331	0.356947	0.000000	0.000019	0.000003	0.000000	0.000000	0.000000	0.000000	0.000000	0.000000	0.000000	0.000000	0.000000	0.000000	0.000000
25	G	H	0.003100	0.000000	0.467123	0.529712	0.000000	0.000016	0.000003	0.000000	0.000000	0.000000	0.000000	0.000000	0.000000	0.000000	0.000000	0.000000	0.000000	0.000000
26	I	H	0.003723	0.000000	0.303368	0.692854	0.000000	0.000013	0.000003	0.000000	0.000000	0.000000	0.000000	0.000000	0.000000	0.000000	0.000000	0.000000	0.000000	0.000000
27	V	C	0.004225	0.000000	0.009330	0.986391	0.000000	0.000012	0.000001	0.000000	0.000000	0.000000	0.000000	0.000000	0.000000	0.000000	0.000000	0.000000	0.000000	0.000000
28	N	C	0.008119	0.000000	0.000749	0.991076	0.000000	0.000007	0.000005	0.000000	0.000000	0.000000	0.000000	0.000000	0.000000	0.000000	0.000000	0.000000	0.000000	0.000000
29	A	C	0.037144	0.000000	0.000038	0.962770	0.000000	0.000002	0.000005	0.000000	0.000000	0.000000	0.000000	0.000000	0.000000	0.000000	0.000000	0.000000	0.000000	0.000000
30	Y	O	0.943362	0.000000	0.000034	0.056559	0.000000	0.000000	0.000002	0.000000	0.000000	0.000000	0.000000	0.000000	0.000000	0.000000	0.000000	0.000000	0.000000	0.000000
31	D	O	0.969975	0.000000	0.000022	0.029966	0.000000	0.000000	0.000000	0.000000	0.000000	0.000000	0.000000	0.000000	0.000000	0.000000	0.000000	0.000000	0.000000	0.000000
32	Q	O	0.981764	0.000000	0.000015	0.018184	0.000000	0.000000	0.000000	0.000000	0.000000	0.000000	0.000000	0.000000	0.000000	0.000000	0.000000	0.000000	0.000000	0.000000
33	P	O	0.986684	0.000000	0.000009	0.013274	0.000000	0.000000	0.000000	0.000000	0.000000	0.000000	0.000000	0.000000	0.000000	0.000000	0.000000	0.000000	0.000000	0.000000
34	E	O	0.990409	0.000000	0.000006	0.009551	0.000000	0.000000	0.000000	0.000000	0.000000	0.000000	0.000000	0.000000	0.000000	0.000000	0.000000	0.000000	0.000000	0.000000
35	E	O	0.992565	0.000000	0.000004	0.007405	0.000000	0.000000	0.000000	0.000000	0.000000	0.000000	0.000000	0.000000	0.000000	0.000000	0.000000	0.000000	0.000000	0.000000
36	T	O	0.994118	0.000000	0.000003	0.005856	0.000000	0.000000	0.000000	0.000000	0.000000	0.000000	0.000000	0.000000	0.000000	0.000000	0.000000	0.000000	0.000000	0.000000
37	W	O	0.995218	0.000000	0.000002	0.004752	0.000000	0.000000	0.000000	0.000000	0.000000	0.000000	0.000000	0.000000	0.000000	0.000000	0.000000	0.000000	0.000000	0.000000
38	T	O	0.996123	0.000000	0.000001	0.003851	0.000000	0.000000	0.000000	0.000000	0.000000	0.000000	0.000000	0.000000	0.000000	0.000000	0.000000	0.000000	0.000000	0.000000
39	Q	O	0.996848	0.000000	0.000001	0.003129	0.000000	0.000000	0.000000	0.000000	0.000000	0.000000	0.000000	0.000000	0.000000	0.000000	0.000000	0.000000	0.000000	0.000000
40	K	O	0.997392	0.000000	0.000001	0.002583	0.000000	0.000000	0.000000	0.000000	0.000000	0.000000	0.000000	0.000000	0.000000	0.000000	0.000000	0.000000	0.000000	0.000000
41	D	O	0.997875	0.000000	0.000000	0.002111	0.000000	0.000000	0.000000	0.000000	0.000000	0.000000	0.000000	0.000000	0.000000	0.000000	0.000000	0.000000	0.000000	0.000000
42	S	O	0.998288	0.000000	0.000000	0.001697	0.000001	0.000000	0.000000	0.000000	0.000000	0.000000	0.000000	0.000000	0.000000	0.000000	0.000000	0.000000	0.000000	0.000000
43	A	O	0.998675	0.000000	0.000000	0.001303	0.000001	0.000000	0.000000	0.000000	0.000000	0.000000	0.000000	0.000000	0.000000	0.000000	0.000000	0.000000	0.000000	0.000000
44	R	O	0.999060	0.000000	0.000000	0.000923	0.000002	0.000000	0.000000	0.000000	0.000000	0.000000	0.000000	0.000000	0.000000	0.000000	0.000000	0.000000	0.000000	0.000000
45	A	O	0.999399	0.000000	0.000000	0.000582	0.000003	0.000001	0.000000	0.000000	0.000000	0.000000	0.000000	0.000000	0.000000	0.000000	0.000000	0.000000	0.000000	0.000000
46	H	O	0.999666	0.000000	0.000000	0.000319	0.000005	0.000001	0.000000	0.000000	0.000000	0.000000	0.000000	0.000000	0.000000	0.000000	0.000000	0.000001	0.000000	0.000000
47	T	O	0.999783	0.000000	0.000000	0.000193	0.000009	0.000003	0.000000	0.000001	0.000000	0.000000	0.000000	0.000000	0.000000	0.000000	0.000000	0.000001	0.000000	0.000000
48	G	O	0.999845	0.000000	0.000000	0.000117	0.000015	0.000006	0.000000	0.000002	0.000000	0.000000	0.000000	0.000000	0.000000	0.000000	0.000000	0.000002	0.000000	0.000000
49	Y	O	0.999887	0.000000	0.000000	0.000064	0.000023	0.000013	0.000000	0.000004	0.000001	0.000001	0.000000	0.000000	0.000000	0.000000	0.000000	0.000002	0.000001	0.000000
50	E	O	0.999878	0.000000	0.000000	0.000037	0.000034	0.000026	0.000001	0.000006	0.000001	0.000001	0.000000	0.000001	0.000000	0.000000	0.000000	0.000003	0.000001	0.000000
51	W	O	0.999853	0.000000	0.000000	0.000019	0.000038	0.000054	0.000002	0.000010	0.000002	0.000003	0.000000	0.000001	0.000000	0.000001	0.000000	0.000004	0.000003	0.000001
52	I	O	0.999814	0.000000	0.000000	0.000010	0.000038	0.000092	0.000003	0.000012	0.000003	0.000007	0.000000	0.000001	0.000001	0.000002	0.000000	0.000004	0.000005	0.000002
53	N	O	0.999751	0.000000	0.000000	0.000005	0.000041	0.000133	0.000004	0.000017	0.000003	0.000012	0.000001	0.000002	0.000001	0.000003	0.000000	0.000005	0.000006	0.000003
54	V	O	0.999687	0.000000	0.000000	0.000003	0.000039	0.000183	0.000007	0.000021	0.000004	0.000019	0.000001	0.000002	0.000001	0.000004	0.000000	0.000006	0.000008	0.000005
55	Y	O	0.999603	0.000000	0.000000	0.000001	0.000044	0.000234	0.000010	0.000028	0.000006	0.000028	0.000002	0.000003	0.000001	0.000006	0.000000	0.000007	0.000010	0.000008
56	T	O	0.999504	0.000000	0.000000	0.000001	0.000052	0.000290	0.000016	0.000037	0.000009	0.000040	0.000004	0.000003	0.000001	0.000008	0.000001	0.000009	0.000013	0.000011
57	A	O	0.999382	0.000000	0.000000	0.000000	0.000060	0.000352	0.000022	0.000049	0.000011	0.000055	0.000006	0.000004	0.000002	0.000011	0.000001	0.000012	0.000015	0.000016
58	A	O	0.999225	0.000000	0.000000	0.000000	0.000070	0.000419	0.000032	0.000066	0.000015	0.000076	0.000009	0.000005	0.000002	0.000015	0.000002	0.000015	0.000021	0.000020
59	T	O	0.999054	0.000000	0.000000	0.000000	0.000075	0.000491	0.000047	0.000084	0.000019	0.000108	0.000015	0.000006	0.000002	0.000020	0.000002	0.000018	0.000027	0.000029
60	V	O	0.998863	0.000000	0.000000	0.000000	0.000075	0.000570	0.000055	0.000101	0.000024	0.000147	0.000024	0.000007	0.000002	0.000026	0.000004	0.000022	0.000033	0.000040
61	G	O	0.998599	0.000000	0.000000	0.000000	0.000081	0.000661	0.000073	0.000137	0.000026	0.000199	0.000041	0.000007	0.000003	0.000035	0.000007	0.000031	0.000043	0.000050
62	Y	O	0.998262	0.000000	0.000000	0.000000	0.000091	0.000727	0.000131	0.000178	0.000028	0.000273	0.000067	0.000008	0.000003	0.000046	0.000011	0.000036	0.000061	0.000074
63	F	O	0.997906	0.000000	0.000000	0.000000	0.000081	0.000813	0.000154	0.000198	0.000033	0.000381	0.000112	0.000009	0.000002	0.000062	0.000017	0.000042	0.000079	0.000106
64	G	O	0.997491	0.000000	0.000000	0.000000	0.000064	0.000884	0.000207	0.000218	0.000035	0.000489	0.000200	0.000008	0.000002	0.000079	0.000032	0.000052	0.000100	0.000138
65	A	O	0.997027	0.000000	0.000000	0.000000	0.000048	0.000911	0.000293	0.000222	0.000038	0.000597	0.000331	0.000007	0.000001	0.000099	0.000051	0.000060	0.000124	0.000188
66	P	O	0.996583	0.000000	0.000000	0.000000	0.000026	0.000822	0.000446	0.000219	0.000023	0.000641	0.000584	0.000005	0.000000	0.000112	0.000092	0.000060	0.000152	0.000229
67	W	O	0.996534	0.000000	0.000000	0.000000	0.000000	0.000675	0.000453	0.000142	0.000000	0.000700	0.000767	0.000000	0.000000	0.000120	0.000126	0.000044	0.000186	0.000250
68	I	O	0.996306	0.000000	0.000000	0.000000	0.000000	0.000473	0.000563	0.000000	0.000000	0.000609	0.001146	0.000000	0.000000	0.000126	0.000217	0.000000	0.000194	0.000363
69	P	O	0.994154	0.000000	0.000000	0.000000	0.000000	0.000000	0.001588	0.000000	0.000000	0.000000	0.002460	0.000000	0.000000	0.000000	0.000998	0.000000	0.000000	0.000792
70	G	O	0.999998	0.000000	0.000000	0.000000	0.000000	0.000000	0.000000	0.000000	0.000000	0.000000	0.000000	0.000000	0.000000	0.000000	0.000000	0.000000	0.000000	0.000000
