# Name=WP_241433888.1@GCF_000337535.1
# pos	aa	label	Other	Sec/SPI n	Sec/SPI h	Sec/SPI c	Sec/SPII n	Sec/SPII h	Sec/SPII cys	Tat/SPI n	Tat/SPI RR	Tat/SPI h	Tat/SPI c	Tat/SPII n	Tat/SPII RR	Tat/SPII h	Tat/SPII cys	Sec/SPIII P	Sec/SPIII cons.	Sec/SPIII h
1	M	N	0.000121	0.000331	0.000000	0.000000	0.000038	0.000000	0.000000	0.884870	0.000000	0.000000	0.000000	0.114656	0.000000	0.000000	0.000000	0.000000	0.000000	0.000000
2	F	N	0.000121	0.000319	0.000012	0.000000	0.000028	0.000009	0.000000	0.834136	0.050731	0.000000	0.000000	0.092701	0.021951	0.000004	0.000000	0.000000	0.000000	0.000000
3	S	N	0.000121	0.000308	0.000021	0.000002	0.000021	0.000017	0.000000	0.849052	0.035818	0.000001	0.000000	0.096743	0.017905	0.000008	0.000000	0.000000	0.000000	0.000000
4	V	N	0.000121	0.000298	0.000028	0.000004	0.000015	0.000022	0.000001	0.839246	0.045621	0.000001	0.000000	0.094443	0.020201	0.000012	0.000001	0.000000	0.000000	0.000000
5	V	N	0.000123	0.000292	0.000029	0.000008	0.000011	0.000024	0.000001	0.841879	0.042985	0.000001	0.000000	0.094564	0.020075	0.000015	0.000001	0.000000	0.000000	0.000000
6	T	N	0.000127	0.000287	0.000028	0.000014	0.000008	0.000025	0.000002	0.842586	0.042278	0.000002	0.000000	0.094955	0.019679	0.000018	0.000002	0.000000	0.000000	0.000000
7	H	N	0.000133	0.000283	0.000026	0.000017	0.000006	0.000024	0.000002	0.837900	0.046962	0.000002	0.000001	0.093996	0.020632	0.000021	0.000002	0.000000	0.000000	0.000000
8	D	N	0.000141	0.000279	0.000024	0.000019	0.000005	0.000023	0.000003	0.833697	0.051164	0.000003	0.000001	0.093088	0.021535	0.000025	0.000002	0.000000	0.000000	0.000000
9	A	N	0.000150	0.000275	0.000024	0.000019	0.000003	0.000022	0.000003	0.839413	0.045449	0.000003	0.000001	0.094012	0.020603	0.000030	0.000003	0.000000	0.000000	0.000000
10	I	N	0.000160	0.000272	0.000023	0.000019	0.000002	0.000020	0.000003	0.840031	0.044829	0.000004	0.000001	0.093256	0.021350	0.000035	0.000003	0.000000	0.000000	0.000000
11	A	N	0.000171	0.000269	0.000022	0.000018	0.000002	0.000018	0.000002	0.833106	0.051752	0.000005	0.000001	0.092250	0.022348	0.000039	0.000004	0.000000	0.000000	0.000000
12	L	N	0.000182	0.000266	0.000021	0.000015	0.000001	0.000016	0.000003	0.819371	0.065486	0.000006	0.000001	0.089583	0.025008	0.000042	0.000005	0.000000	0.000000	0.000000
13	T	N	0.000194	0.000265	0.000019	0.000015	0.000001	0.000014	0.000002	0.818643	0.066207	0.000007	0.000001	0.089525	0.025060	0.000043	0.000005	0.000000	0.000000	0.000000
14	I	N	0.000204	0.000263	0.000016	0.000014	0.000001	0.000012	0.000002	0.827172	0.057678	0.000009	0.000001	0.092037	0.022541	0.000043	0.000006	0.000000	0.000000	0.000000
15	A	N	0.000215	0.000262	0.000014	0.000014	0.000001	0.000010	0.000002	0.831404	0.053443	0.000010	0.000001	0.092602	0.021971	0.000043	0.000007	0.000000	0.000000	0.000000
16	W	N	0.000225	0.000261	0.000012	0.000013	0.000001	0.000008	0.000002	0.830438	0.054410	0.000012	0.000001	0.090626	0.023940	0.000042	0.000007	0.000000	0.000000	0.000000
17	E	N	0.000234	0.000260	0.000010	0.000012	0.000001	0.000007	0.000001	0.832458	0.052387	0.000015	0.000001	0.092304	0.022255	0.000043	0.000007	0.000000	0.000000	0.000000
18	T	N	0.000242	0.000259	0.000008	0.000011	0.000001	0.000006	0.000001	0.831068	0.053776	0.000019	0.000002	0.092495	0.022056	0.000046	0.000006	0.000000	0.000000	0.000000
19	M	N	0.000248	0.000258	0.000007	0.000010	0.000001	0.000005	0.000001	0.835104	0.049735	0.000025	0.000002	0.092769	0.021772	0.000051	0.000006	0.000000	0.000000	0.000000
20	K	N	0.000252	0.000258	0.000006	0.000009	0.000001	0.000004	0.000001	0.845174	0.039661	0.000034	0.000002	0.094940	0.019588	0.000060	0.000005	0.000000	0.000000	0.000000
21	E	N	0.000255	0.000257	0.000005	0.000008	0.000000	0.000003	0.000001	0.847272	0.037548	0.000050	0.000002	0.096244	0.018263	0.000075	0.000005	0.000000	0.000000	0.000000
22	K	N	0.000257	0.000256	0.000005	0.000008	0.000000	0.000003	0.000000	0.854771	0.030023	0.000081	0.000002	0.098119	0.016355	0.000104	0.000005	0.000000	0.000000	0.000000
23	G	N	0.000260	0.000255	0.000005	0.000007	0.000000	0.000003	0.000000	0.858503	0.026232	0.000145	0.000003	0.099382	0.015030	0.000160	0.000005	0.000000	0.000000	0.000000
24	Q	N	0.000263	0.000253	0.000005	0.000006	0.000000	0.000002	0.000000	0.858189	0.026414	0.000285	0.000003	0.099429	0.014858	0.000281	0.000006	0.000000	0.000000	0.000000
25	Q	N	0.000268	0.000251	0.000007	0.000005	0.000000	0.000002	0.000000	0.862738	0.021481	0.000671	0.000003	0.099946	0.014060	0.000556	0.000006	0.000000	0.000000	0.000000
26	T	N	0.000274	0.000248	0.000010	0.000004	0.000000	0.000002	0.000000	0.863166	0.019760	0.001961	0.000003	0.097885	0.015432	0.001241	0.000005	0.000000	0.000000	0.000000
27	R	R	0.000280	0.000242	0.000015	0.000004	0.000000	0.000002	0.000000	0.125026	0.754206	0.005654	0.000004	0.030644	0.081126	0.002776	0.000012	0.000000	0.000000	0.000000
28	R	R	0.000293	0.000232	0.000025	0.000003	0.000000	0.000001	0.000000	0.069832	0.806704	0.008353	0.000004	0.023312	0.087056	0.004156	0.000023	0.000000	0.000000	0.000000
29	T	N	0.000317	0.000217	0.000039	0.000003	0.000000	0.000001	0.000000	0.817881	0.045553	0.021454	0.000004	0.081338	0.025665	0.007496	0.000025	0.000000	0.000000	0.000000
30	A	H	0.000344	0.000180	0.000076	0.000002	0.000000	0.000001	0.000000	0.298500	0.029392	0.556996	0.000004	0.049514	0.026060	0.038891	0.000034	0.000000	0.000000	0.000000
31	L	H	0.000380	0.000149	0.000107	0.000002	0.000000	0.000001	0.000000	0.050656	0.041122	0.793096	0.000016	0.028083	0.027838	0.058521	0.000022	0.000000	0.000000	0.000000
32	K	H	0.000406	0.000126	0.000129	0.000002	0.000000	0.000001	0.000000	0.042041	0.025607	0.817186	0.000051	0.026553	0.019675	0.068138	0.000076	0.000000	0.000000	0.000000
33	Q	H	0.000496	0.000094	0.000160	0.000001	0.000000	0.000001	0.000000	0.048252	0.007370	0.829168	0.000079	0.028728	0.008481	0.076961	0.000197	0.000000	0.000000	0.000000
34	L	H	0.000717	0.000057	0.000198	0.000001	0.000000	0.000001	0.000000	0.029853	0.005601	0.849304	0.000091	0.018259	0.005418	0.090280	0.000213	0.000000	0.000000	0.000000
35	S	H	0.000957	0.000035	0.000219	0.000001	0.000000	0.000001	0.000000	0.020328	0.003277	0.861094	0.000121	0.011576	0.003262	0.098883	0.000237	0.000000	0.000000	0.000000
36	L	H	0.001232	0.000021	0.000232	0.000001	0.000000	0.000001	0.000000	0.014040	0.002937	0.867643	0.000162	0.007238	0.002090	0.104097	0.000296	0.000000	0.000000	0.000000
37	L	H	0.001579	0.000013	0.000240	0.000001	0.000000	0.000001	0.000000	0.011084	0.002038	0.871377	0.000234	0.004623	0.001273	0.107042	0.000486	0.000000	0.000000	0.000000
38	G	H	0.002137	0.000008	0.000244	0.000002	0.000000	0.000001	0.000000	0.009049	0.001386	0.873864	0.000363	0.002912	0.000801	0.108410	0.000816	0.000000	0.000000	0.000000
39	V	H	0.003065	0.000005	0.000246	0.000003	0.000000	0.000001	0.000000	0.007392	0.001060	0.875536	0.000563	0.001892	0.000459	0.108527	0.001245	0.000000	0.000000	0.000000
40	G	H	0.004456	0.000003	0.000245	0.000005	0.000000	0.000001	0.000000	0.006098	0.000817	0.876448	0.001043	0.001161	0.000293	0.107447	0.001978	0.000000	0.000000	0.000000
41	G	H	0.006673	0.000002	0.000243	0.000008	0.000000	0.000001	0.000000	0.005040	0.000610	0.876598	0.001919	0.000708	0.000168	0.104772	0.003252	0.000000	0.000000	0.000000
42	I	H	0.010283	0.000001	0.000237	0.000014	0.000000	0.000001	0.000000	0.004155	0.000406	0.875409	0.003834	0.000421	0.000085	0.100433	0.004711	0.000000	0.000000	0.000000
43	V	H	0.015426	0.000001	0.000226	0.000025	0.000000	0.000001	0.000000	0.003293	0.000319	0.869916	0.009847	0.000231	0.000051	0.093837	0.006819	0.000000	0.000000	0.000000
44	G	H	0.022857	0.000000	0.000201	0.000049	0.000000	0.000001	0.000000	0.002632	0.000182	0.851465	0.028489	0.000137	0.000030	0.083013	0.010938	0.000000	0.000000	0.000000
45	T	H	0.034868	0.000000	0.000165	0.000085	0.000000	0.000001	0.000000	0.001929	0.000118	0.801799	0.077848	0.000086	0.000016	0.065629	0.017449	0.000000	0.000000	0.000000
46	G	H	0.054096	0.000000	0.000112	0.000137	0.000000	0.000001	0.000000	0.001290	0.000067	0.679163	0.199396	0.000052	0.000008	0.048423	0.017249	0.000000	0.000000	0.000000
47	T	H	0.075061	0.000000	0.000059	0.000189	0.000000	0.000001	0.000000	0.000703	0.000040	0.498586	0.376874	0.000026	0.000005	0.031616	0.016836	0.000000	0.000000	0.000000
48	V	C	0.098047	0.000000	0.000016	0.000231	0.000000	0.000001	0.000000	0.000399	0.000041	0.205979	0.663633	0.000015	0.000004	0.021743	0.009884	0.000000	0.000000	0.000000
49	A	C	0.126256	0.000000	0.000002	0.000241	0.000000	0.000000	0.000000	0.000269	0.000058	0.047216	0.804185	0.000012	0.000005	0.012393	0.009353	0.000000	0.000000	0.000000
50	A	C	0.213659	0.000000	0.000000	0.000219	0.000000	0.000000	0.000000	0.000220	0.000059	0.009463	0.763965	0.000010	0.000005	0.003224	0.009172	0.000000	0.000000	0.000000
51	N	O	0.793003	0.000000	0.000000	0.000049	0.000000	0.000000	0.000000	0.000151	0.000051	0.007431	0.196073	0.000007	0.000004	0.000883	0.002344	0.000000	0.000000	0.000000
52	D	O	0.897182	0.000000	0.000000	0.000028	0.000000	0.000000	0.000000	0.000145	0.000017	0.004865	0.096864	0.000007	0.000002	0.000364	0.000521	0.000000	0.000000	0.000000
53	L	O	0.942243	0.000000	0.000000	0.000018	0.000000	0.000000	0.000000	0.000112	0.000010	0.003139	0.054104	0.000006	0.000001	0.000171	0.000196	0.000000	0.000000	0.000000
54	T	O	0.965539	0.000000	0.000000	0.000012	0.000000	0.000000	0.000000	0.000083	0.000008	0.001868	0.032312	0.000004	0.000001	0.000091	0.000082	0.000000	0.000000	0.000000
55	P	O	0.979271	0.000000	0.000000	0.000008	0.000000	0.000000	0.000000	0.000063	0.000006	0.001043	0.019514	0.000003	0.000001	0.000051	0.000042	0.000000	0.000000	0.000000
56	P	O	0.988246	0.000000	0.000000	0.000005	0.000000	0.000000	0.000000	0.000047	0.000004	0.000599	0.011044	0.000003	0.000001	0.000029	0.000022	0.000000	0.000000	0.000000
57	E	O	0.993462	0.000000	0.000000	0.000003	0.000000	0.000000	0.000000	0.000034	0.000004	0.000346	0.006118	0.000002	0.000001	0.000018	0.000013	0.000000	0.000000	0.000000
58	P	O	0.996352	0.000000	0.000000	0.000002	0.000000	0.000000	0.000000	0.000026	0.000002	0.000198	0.003399	0.000001	0.000000	0.000011	0.000007	0.000001	0.000000	0.000000
59	D	O	0.998018	0.000000	0.000000	0.000001	0.000000	0.000000	0.000000	0.000020	0.000002	0.000119	0.001826	0.000001	0.000000	0.000007	0.000005	0.000001	0.000000	0.000000
60	G	O	0.998948	0.000000	0.000000	0.000001	0.000000	0.000000	0.000000	0.000015	0.000001	0.000075	0.000951	0.000001	0.000000	0.000005	0.000003	0.000001	0.000000	0.000000
61	D	O	0.999425	0.000000	0.000000	0.000000	0.000000	0.000000	0.000000	0.000011	0.000001	0.000048	0.000506	0.000001	0.000000	0.000003	0.000002	0.000001	0.000001	0.000001
62	P	O	0.999675	0.000000	0.000000	0.000000	0.000000	0.000000	0.000000	0.000009	0.000001	0.000031	0.000275	0.000000	0.000000	0.000002	0.000002	0.000001	0.000001	0.000001
63	V	O	0.999812	0.000000	0.000000	0.000000	0.000000	0.000000	0.000000	0.000007	0.000000	0.000022	0.000151	0.000000	0.000000	0.000002	0.000001	0.000001	0.000001	0.000001
64	S	O	0.999886	0.000000	0.000000	0.000000	0.000000	0.000000	0.000000	0.000005	0.000000	0.000014	0.000087	0.000000	0.000000	0.000001	0.000001	0.000001	0.000001	0.000001
65	A	O	0.999928	0.000000	0.000000	0.000000	0.000000	0.000001	0.000000	0.000004	0.000000	0.000010	0.000050	0.000000	0.000000	0.000001	0.000001	0.000001	0.000001	0.000001
66	Q	O	0.999954	0.000000	0.000000	0.000000	0.000000	0.000001	0.000000	0.000002	0.000000	0.000008	0.000026	0.000000	0.000000	0.000001	0.000001	0.000001	0.000002	0.000002
67	D	O	0.999966	0.000000	0.000000	0.000000	0.000000	0.000000	0.000001	0.000001	0.000000	0.000006	0.000018	0.000000	0.000000	0.000001	0.000001	0.000001	0.000002	0.000002
68	Q	O	0.999977	0.000000	0.000000	0.000000	0.000000	0.000000	0.000001	0.000000	0.000000	0.000003	0.000014	0.000000	0.000000	0.000000	0.000001	0.000000	0.000002	0.000003
69	D	O	0.999983	0.000000	0.000000	0.000000	0.000000	0.000000	0.000001	0.000000	0.000000	0.000000	0.000010	0.000000	0.000000	0.000000	0.000002	0.000000	0.000000	0.000003
70	T	O	0.999998	0.000000	0.000000	0.000000	0.000000	0.000000	0.000000	0.000000	0.000000	0.000000	0.000000	0.000000	0.000000	0.000000	0.000000	0.000000	0.000000	0.000000
