# Name=WP_175383825.1@GCF_013359905.1
# pos	aa	label	Other	Sec/SPI n	Sec/SPI h	Sec/SPI c	Sec/SPII n	Sec/SPII h	Sec/SPII cys	Tat/SPI n	Tat/SPI RR	Tat/SPI h	Tat/SPI c	Tat/SPII n	Tat/SPII RR	Tat/SPII h	Tat/SPII cys	Sec/SPIII P	Sec/SPIII cons.	Sec/SPIII h
1	M	N	0.003217	0.996694	0.000000	0.000000	0.000010	0.000000	0.000000	0.000000	0.000000	0.000000	0.000000	0.000000	0.000000	0.000000	0.000000	0.000000	0.000000	0.000000
2	N	N	0.003217	0.984496	0.012200	0.000000	0.000010	0.000000	0.000000	0.000000	0.000000	0.000000	0.000000	0.000000	0.000000	0.000000	0.000000	0.000000	0.000000	0.000000
3	S	N	0.003217	0.897544	0.099150	0.000000	0.000009	0.000001	0.000000	0.000000	0.000000	0.000000	0.000000	0.000000	0.000000	0.000000	0.000000	0.000000	0.000000	0.000000
4	L	N	0.003217	0.860523	0.136177	0.000001	0.000009	0.000002	0.000000	0.000000	0.000000	0.000000	0.000000	0.000000	0.000000	0.000000	0.000000	0.000000	0.000000	0.000000
5	L	N	0.003217	0.845064	0.151633	0.000003	0.000008	0.000002	0.000000	0.000000	0.000000	0.000000	0.000000	0.000000	0.000000	0.000000	0.000000	0.000000	0.000000	0.000000
6	R	N	0.003218	0.833468	0.163229	0.000005	0.000008	0.000002	0.000000	0.000000	0.000000	0.000000	0.000000	0.000000	0.000000	0.000000	0.000000	0.000000	0.000000	0.000000
7	K	N	0.003219	0.821123	0.175574	0.000006	0.000008	0.000003	0.000000	0.000000	0.000000	0.000000	0.000000	0.000000	0.000000	0.000000	0.000000	0.000000	0.000000	0.000000
8	P	N	0.003221	0.798292	0.198408	0.000006	0.000007	0.000003	0.000000	0.000000	0.000000	0.000000	0.000000	0.000000	0.000000	0.000000	0.000000	0.000000	0.000000	0.000000
9	L	N	0.003222	0.768038	0.228659	0.000006	0.000007	0.000003	0.000000	0.000000	0.000000	0.000000	0.000000	0.000000	0.000000	0.000000	0.000000	0.000000	0.000000	0.000000
10	K	N	0.003223	0.738012	0.258684	0.000005	0.000006	0.000004	0.000000	0.000000	0.000000	0.000000	0.000000	0.000000	0.000000	0.000000	0.000000	0.000000	0.000000	0.000000
11	R	N	0.003225	0.638073	0.358629	0.000004	0.000005	0.000005	0.000000	0.000000	0.000000	0.000000	0.000000	0.000000	0.000000	0.000000	0.000000	0.000000	0.000000	0.000000
12	T	H	0.003227	0.158351	0.838354	0.000002	0.000001	0.000009	0.000000	0.000000	0.000000	0.000000	0.000000	0.000000	0.000000	0.000000	0.000000	0.000000	0.000000	0.000000
13	I	H	0.003228	0.028997	0.967711	0.000001	0.000000	0.000010	0.000000	0.000000	0.000000	0.000000	0.000000	0.000000	0.000000	0.000000	0.000000	0.000000	0.000000	0.000000
14	S	H	0.003228	0.007714	0.988991	0.000001	0.000000	0.000010	0.000000	0.000000	0.000000	0.000000	0.000000	0.000000	0.000000	0.000000	0.000000	0.000000	0.000000	0.000000
15	A	H	0.003229	0.001251	0.995456	0.000001	0.000000	0.000010	0.000000	0.000000	0.000000	0.000000	0.000000	0.000000	0.000000	0.000000	0.000000	0.000000	0.000000	0.000000
16	L	H	0.003230	0.000214	0.996497	0.000001	0.000000	0.000010	0.000000	0.000000	0.000000	0.000000	0.000000	0.000000	0.000000	0.000000	0.000000	0.000000	0.000000	0.000000
17	L	H	0.003230	0.000045	0.996664	0.000002	0.000000	0.000010	0.000000	0.000000	0.000000	0.000000	0.000000	0.000000	0.000000	0.000000	0.000000	0.000000	0.000000	0.000000
18	V	H	0.003232	0.000008	0.996694	0.000005	0.000000	0.000009	0.000000	0.000000	0.000000	0.000000	0.000000	0.000000	0.000000	0.000000	0.000000	0.000000	0.000000	0.000000
19	T	H	0.003233	0.000002	0.996694	0.000015	0.000000	0.000009	0.000000	0.000000	0.000000	0.000000	0.000000	0.000000	0.000000	0.000000	0.000000	0.000000	0.000000	0.000000
20	S	H	0.003235	0.000000	0.996656	0.000050	0.000000	0.000009	0.000000	0.000000	0.000000	0.000000	0.000000	0.000000	0.000000	0.000000	0.000000	0.000000	0.000000	0.000000
21	I	H	0.003238	0.000000	0.996565	0.000142	0.000000	0.000008	0.000001	0.000000	0.000000	0.000000	0.000000	0.000000	0.000000	0.000000	0.000000	0.000000	0.000000	0.000000
22	F	H	0.003242	0.000000	0.996162	0.000545	0.000000	0.000007	0.000001	0.000000	0.000000	0.000000	0.000000	0.000000	0.000000	0.000000	0.000000	0.000000	0.000000	0.000000
23	S	H	0.003248	0.000000	0.994750	0.001950	0.000000	0.000007	0.000001	0.000000	0.000000	0.000000	0.000000	0.000000	0.000000	0.000000	0.000000	0.000000	0.000000	0.000000
24	T	H	0.003263	0.000000	0.992165	0.004515	0.000000	0.000006	0.000001	0.000000	0.000000	0.000000	0.000000	0.000000	0.000000	0.000000	0.000000	0.000000	0.000000	0.000000
25	I	H	0.003277	0.000000	0.985007	0.011662	0.000000	0.000006	0.000001	0.000000	0.000000	0.000000	0.000000	0.000000	0.000000	0.000000	0.000000	0.000000	0.000000	0.000000
26	L	H	0.003288	0.000000	0.958526	0.038138	0.000000	0.000005	0.000001	0.000000	0.000000	0.000000	0.000000	0.000000	0.000000	0.000000	0.000000	0.000000	0.000000	0.000000
27	F	H	0.003297	0.000000	0.839128	0.157520	0.000000	0.000004	0.000001	0.000000	0.000000	0.000000	0.000000	0.000000	0.000000	0.000000	0.000000	0.000000	0.000000	0.000000
28	G	C	0.003309	0.000000	0.329710	0.666927	0.000000	0.000003	0.000001	0.000000	0.000000	0.000000	0.000000	0.000000	0.000000	0.000000	0.000000	0.000000	0.000000	0.000000
29	N	C	0.003373	0.000000	0.041556	0.955022	0.000000	0.000001	0.000002	0.000000	0.000000	0.000000	0.000000	0.000000	0.000000	0.000000	0.000000	0.000000	0.000000	0.000000
30	H	C	0.003579	0.000000	0.004730	0.991643	0.000000	0.000001	0.000001	0.000000	0.000000	0.000000	0.000000	0.000000	0.000000	0.000000	0.000000	0.000000	0.000000	0.000000
31	A	C	0.004087	0.000000	0.000176	0.995691	0.000000	0.000000	0.000000	0.000000	0.000000	0.000000	0.000000	0.000000	0.000000	0.000000	0.000000	0.000000	0.000000	0.000000
32	F	C	0.009066	0.000000	0.000015	0.990871	0.000000	0.000000	0.000000	0.000000	0.000000	0.000000	0.000000	0.000000	0.000000	0.000000	0.000000	0.000000	0.000000	0.000000
33	A	C	0.040616	0.000000	0.000000	0.959331	0.000000	0.000000	0.000000	0.000000	0.000000	0.000000	0.000000	0.000000	0.000000	0.000000	0.000000	0.000000	0.000000	0.000000
34	A	O	0.968890	0.000000	0.000000	0.031064	0.000000	0.000000	0.000000	0.000000	0.000000	0.000000	0.000000	0.000000	0.000000	0.000000	0.000000	0.000000	0.000000	0.000000
35	D	O	0.989563	0.000000	0.000000	0.010394	0.000000	0.000000	0.000000	0.000000	0.000000	0.000000	0.000000	0.000000	0.000000	0.000000	0.000000	0.000000	0.000000	0.000000
36	Q	O	0.994935	0.000000	0.000000	0.005027	0.000000	0.000000	0.000000	0.000000	0.000000	0.000000	0.000000	0.000000	0.000000	0.000000	0.000000	0.000000	0.000000	0.000000
37	P	O	0.996547	0.000000	0.000000	0.003418	0.000000	0.000000	0.000000	0.000000	0.000000	0.000000	0.000000	0.000000	0.000000	0.000000	0.000000	0.000000	0.000000	0.000000
38	V	O	0.997442	0.000000	0.000000	0.002525	0.000000	0.000000	0.000000	0.000000	0.000000	0.000000	0.000000	0.000000	0.000000	0.000000	0.000000	0.000000	0.000000	0.000000
39	N	O	0.998001	0.000000	0.000000	0.001965	0.000000	0.000000	0.000000	0.000000	0.000000	0.000000	0.000000	0.000000	0.000000	0.000000	0.000000	0.000000	0.000000	0.000000
40	H	O	0.998446	0.000000	0.000000	0.001524	0.000000	0.000000	0.000000	0.000000	0.000000	0.000000	0.000000	0.000000	0.000000	0.000000	0.000000	0.000000	0.000000	0.000000
41	T	O	0.998812	0.000000	0.000000	0.001167	0.000000	0.000000	0.000000	0.000000	0.000000	0.000000	0.000000	0.000000	0.000000	0.000000	0.000000	0.000000	0.000000	0.000000
42	E	O	0.999101	0.000000	0.000000	0.000874	0.000000	0.000000	0.000000	0.000000	0.000000	0.000000	0.000000	0.000000	0.000000	0.000000	0.000000	0.000000	0.000000	0.000000
43	A	O	0.999362	0.000000	0.000000	0.000617	0.000000	0.000000	0.000000	0.000000	0.000000	0.000000	0.000000	0.000000	0.000000	0.000000	0.000000	0.000000	0.000000	0.000000
44	S	O	0.999600	0.000000	0.000000	0.000374	0.000000	0.000000	0.000000	0.000000	0.000000	0.000000	0.000000	0.000000	0.000000	0.000000	0.000000	0.000000	0.000000	0.000000
45	N	O	0.999757	0.000000	0.000000	0.000217	0.000000	0.000000	0.000000	0.000000	0.000000	0.000000	0.000000	0.000000	0.000000	0.000000	0.000000	0.000000	0.000000	0.000000
46	S	O	0.999869	0.000000	0.000000	0.000110	0.000000	0.000000	0.000000	0.000000	0.000000	0.000000	0.000000	0.000000	0.000000	0.000000	0.000000	0.000000	0.000000	0.000000
47	F	O	0.999925	0.000000	0.000000	0.000056	0.000000	0.000000	0.000000	0.000000	0.000000	0.000000	0.000000	0.000000	0.000000	0.000000	0.000000	0.000000	0.000000	0.000000
48	T	O	0.999946	0.000000	0.000000	0.000029	0.000000	0.000000	0.000000	0.000000	0.000000	0.000000	0.000000	0.000000	0.000000	0.000000	0.000000	0.000000	0.000000	0.000000
49	W	O	0.999967	0.000000	0.000000	0.000015	0.000000	0.000000	0.000000	0.000000	0.000000	0.000000	0.000000	0.000000	0.000000	0.000000	0.000000	0.000000	0.000000	0.000000
50	N	O	0.999971	0.000000	0.000000	0.000008	0.000000	0.000000	0.000000	0.000000	0.000000	0.000000	0.000000	0.000000	0.000000	0.000000	0.000000	0.000000	0.000000	0.000000
51	E	O	0.999977	0.000000	0.000000	0.000004	0.000001	0.000000	0.000000	0.000000	0.000000	0.000000	0.000000	0.000000	0.000000	0.000000	0.000000	0.000000	0.000000	0.000000
52	A	O	0.999977	0.000000	0.000000	0.000002	0.000001	0.000000	0.000000	0.000000	0.000000	0.000000	0.000000	0.000000	0.000000	0.000000	0.000000	0.000001	0.000000	0.000000
53	G	O	0.999973	0.000000	0.000000	0.000001	0.000002	0.000001	0.000000	0.000001	0.000000	0.000000	0.000000	0.000000	0.000000	0.000000	0.000000	0.000001	0.000000	0.000000
54	N	O	0.999967	0.000000	0.000000	0.000001	0.000005	0.000001	0.000000	0.000003	0.000000	0.000000	0.000000	0.000000	0.000000	0.000000	0.000000	0.000002	0.000000	0.000000
55	N	O	0.999953	0.000000	0.000000	0.000000	0.000010	0.000003	0.000001	0.000006	0.000001	0.000001	0.000000	0.000001	0.000000	0.000000	0.000000	0.000005	0.000000	0.000000
56	H	O	0.999919	0.000000	0.000000	0.000000	0.000018	0.000008	0.000001	0.000012	0.000002	0.000002	0.000001	0.000001	0.000000	0.000000	0.000000	0.000009	0.000001	0.000001
57	Y	O	0.999866	0.000000	0.000000	0.000000	0.000030	0.000021	0.000002	0.000026	0.000003	0.000007	0.000001	0.000002	0.000001	0.000001	0.000000	0.000016	0.000004	0.000001
58	D	O	0.999781	0.000000	0.000000	0.000000	0.000041	0.000047	0.000003	0.000043	0.000006	0.000018	0.000002	0.000003	0.000001	0.000003	0.000001	0.000023	0.000011	0.000002
59	I	O	0.999658	0.000000	0.000000	0.000000	0.000042	0.000092	0.000008	0.000058	0.000010	0.000043	0.000004	0.000004	0.000002	0.000006	0.000001	0.000024	0.000026	0.000006
60	Y	O	0.999503	0.000000	0.000000	0.000000	0.000044	0.000147	0.000014	0.000075	0.000013	0.000079	0.000009	0.000005	0.000002	0.000011	0.000002	0.000026	0.000038	0.000017
61	T	O	0.999320	0.000000	0.000000	0.000000	0.000046	0.000207	0.000023	0.000087	0.000018	0.000124	0.000019	0.000006	0.000002	0.000018	0.000003	0.000027	0.000051	0.000029
62	A	O	0.999119	0.000000	0.000000	0.000000	0.000044	0.000276	0.000033	0.000106	0.000017	0.000176	0.000035	0.000006	0.000002	0.000025	0.000005	0.000029	0.000055	0.000053
63	Y	O	0.998889	0.000000	0.000000	0.000000	0.000043	0.000338	0.000055	0.000118	0.000019	0.000242	0.000063	0.000006	0.000002	0.000035	0.000009	0.000033	0.000065	0.000069
64	S	O	0.998622	0.000000	0.000000	0.000000	0.000041	0.000406	0.000068	0.000134	0.000016	0.000314	0.000111	0.000006	0.000001	0.000048	0.000013	0.000037	0.000076	0.000091
65	I	O	0.998361	0.000000	0.000000	0.000000	0.000027	0.000454	0.000113	0.000119	0.000014	0.000390	0.000179	0.000005	0.000001	0.000063	0.000021	0.000034	0.000088	0.000125
66	G	O	0.997973	0.000000	0.000000	0.000000	0.000016	0.000503	0.000164	0.000114	0.000009	0.000450	0.000321	0.000003	0.000000	0.000084	0.000047	0.000038	0.000104	0.000172
67	F	O	0.997672	0.000000	0.000000	0.000000	0.000000	0.000459	0.000267	0.000076	0.000000	0.000453	0.000503	0.000000	0.000000	0.000097	0.000084	0.000023	0.000119	0.000239
68	M	O	0.997291	0.000000	0.000000	0.000000	0.000000	0.000358	0.000416	0.000000	0.000000	0.000394	0.000792	0.000000	0.000000	0.000113	0.000155	0.000000	0.000107	0.000370
69	G	O	0.996818	0.000000	0.000000	0.000000	0.000000	0.000000	0.000853	0.000000	0.000000	0.000000	0.001326	0.000000	0.000000	0.000000	0.000504	0.000000	0.000000	0.000495
70	A	O	0.999998	0.000000	0.000000	0.000000	0.000000	0.000000	0.000000	0.000000	0.000000	0.000000	0.000000	0.000000	0.000000	0.000000	0.000000	0.000000	0.000000	0.000000
