# Name=WP_153552228.1@GCF_009617995.1
# pos	aa	label	Other	Sec/SPI n	Sec/SPI h	Sec/SPI c	Sec/SPII n	Sec/SPII h	Sec/SPII cys	Tat/SPI n	Tat/SPI RR	Tat/SPI h	Tat/SPI c	Tat/SPII n	Tat/SPII RR	Tat/SPII h	Tat/SPII cys	Sec/SPIII P	Sec/SPIII cons.	Sec/SPIII h
1	M	N	0.000013	0.000026	0.000000	0.000000	0.000006	0.000000	0.000000	0.976552	0.000000	0.000000	0.000000	0.023418	0.000000	0.000000	0.000000	0.000000	0.000000	0.000000
2	S	N	0.000013	0.000026	0.000000	0.000000	0.000005	0.000001	0.000000	0.950624	0.025929	0.000007	0.000000	0.020217	0.003199	0.000002	0.000000	0.000000	0.000000	0.000000
3	P	N	0.000013	0.000025	0.000000	0.000000	0.000004	0.000001	0.000000	0.954272	0.022264	0.000019	0.000000	0.020650	0.002762	0.000005	0.000000	0.000000	0.000000	0.000000
4	K	N	0.000013	0.000025	0.000001	0.000000	0.000004	0.000002	0.000000	0.949725	0.026784	0.000042	0.000000	0.020382	0.003025	0.000011	0.000000	0.000000	0.000000	0.000000
5	R	N	0.000013	0.000025	0.000001	0.000000	0.000003	0.000002	0.000000	0.955248	0.021221	0.000080	0.000000	0.020697	0.002700	0.000021	0.000000	0.000000	0.000000	0.000000
6	N	N	0.000014	0.000025	0.000001	0.000000	0.000003	0.000003	0.000000	0.954425	0.021959	0.000168	0.000000	0.020753	0.002625	0.000040	0.000000	0.000000	0.000000	0.000000
7	P	N	0.000014	0.000024	0.000001	0.000000	0.000002	0.000003	0.000000	0.957474	0.018696	0.000375	0.000000	0.020754	0.002582	0.000081	0.000000	0.000000	0.000000	0.000000
8	K	N	0.000014	0.000024	0.000002	0.000000	0.000002	0.000003	0.000000	0.958928	0.016670	0.000947	0.000000	0.020637	0.002602	0.000177	0.000000	0.000000	0.000000	0.000000
9	T	N	0.000015	0.000023	0.000003	0.000000	0.000002	0.000003	0.000000	0.959433	0.014183	0.002926	0.000000	0.020347	0.002661	0.000409	0.000000	0.000000	0.000000	0.000000
10	R	R	0.000016	0.000021	0.000004	0.000000	0.000001	0.000003	0.000001	0.074093	0.892661	0.009787	0.000000	0.004971	0.017458	0.000986	0.000001	0.000000	0.000000	0.000000
11	R	R	0.000017	0.000019	0.000006	0.000000	0.000001	0.000003	0.000001	0.068306	0.895506	0.012729	0.000000	0.004721	0.017297	0.001395	0.000002	0.000000	0.000000	0.000000
12	N	N	0.000020	0.000017	0.000009	0.000000	0.000001	0.000002	0.000000	0.925993	0.018343	0.032201	0.000000	0.016953	0.003974	0.002483	0.000003	0.000000	0.000000	0.000000
13	V	H	0.000024	0.000010	0.000015	0.000000	0.000000	0.000002	0.000000	0.087442	0.010631	0.878466	0.000000	0.006751	0.003824	0.012832	0.000003	0.000000	0.000000	0.000000
14	L	H	0.000027	0.000007	0.000018	0.000000	0.000000	0.000002	0.000000	0.017719	0.003884	0.954935	0.000003	0.004576	0.002421	0.016408	0.000002	0.000000	0.000000	0.000000
15	Q	H	0.000031	0.000005	0.000020	0.000000	0.000000	0.000002	0.000000	0.007543	0.002183	0.966803	0.000008	0.003305	0.001475	0.018613	0.000011	0.000000	0.000000	0.000000
16	T	H	0.000045	0.000004	0.000022	0.000000	0.000000	0.000003	0.000000	0.005783	0.001003	0.969736	0.000013	0.002456	0.000741	0.020170	0.000027	0.000000	0.000000	0.000000
17	M	H	0.000076	0.000002	0.000023	0.000000	0.000000	0.000002	0.000000	0.004671	0.000606	0.971232	0.000019	0.001696	0.000428	0.021216	0.000026	0.000000	0.000000	0.000000
18	A	H	0.000109	0.000002	0.000024	0.000000	0.000000	0.000002	0.000000	0.003663	0.000701	0.972129	0.000029	0.001073	0.000339	0.021888	0.000040	0.000000	0.000000	0.000000
19	G	H	0.000159	0.000001	0.000024	0.000000	0.000000	0.000002	0.000000	0.003429	0.000463	0.972574	0.000044	0.000793	0.000222	0.022217	0.000069	0.000000	0.000000	0.000000
20	I	H	0.000245	0.000001	0.000024	0.000000	0.000000	0.000002	0.000000	0.003098	0.000386	0.972952	0.000055	0.000565	0.000145	0.022405	0.000117	0.000000	0.000000	0.000000
21	G	H	0.000384	0.000000	0.000025	0.000000	0.000000	0.000002	0.000000	0.002806	0.000337	0.973249	0.000075	0.000390	0.000103	0.022450	0.000171	0.000000	0.000000	0.000000
22	T	H	0.000588	0.000000	0.000025	0.000000	0.000000	0.000002	0.000000	0.002571	0.000296	0.973480	0.000095	0.000273	0.000071	0.022350	0.000250	0.000000	0.000000	0.000000
23	A	H	0.000880	0.000000	0.000025	0.000000	0.000000	0.000002	0.000000	0.002370	0.000243	0.973658	0.000125	0.000189	0.000049	0.022086	0.000370	0.000000	0.000000	0.000000
24	S	H	0.001299	0.000000	0.000025	0.000000	0.000000	0.000002	0.000000	0.002154	0.000210	0.973777	0.000204	0.000129	0.000033	0.021559	0.000602	0.000000	0.000000	0.000000
25	I	H	0.001970	0.000000	0.000024	0.000000	0.000000	0.000002	0.000000	0.001966	0.000159	0.973784	0.000374	0.000090	0.000020	0.020672	0.000939	0.000000	0.000000	0.000000
26	G	H	0.002991	0.000000	0.000024	0.000001	0.000000	0.000001	0.000000	0.001744	0.000144	0.973316	0.000993	0.000058	0.000015	0.019254	0.001455	0.000000	0.000000	0.000000
27	A	H	0.004580	0.000000	0.000024	0.000001	0.000000	0.000001	0.000000	0.001536	0.000124	0.971558	0.002844	0.000039	0.000010	0.017173	0.002105	0.000000	0.000000	0.000000
28	T	H	0.006854	0.000000	0.000023	0.000002	0.000000	0.000001	0.000000	0.001312	0.000119	0.964623	0.009841	0.000028	0.000007	0.014341	0.002847	0.000000	0.000000	0.000000
29	G	H	0.009989	0.000000	0.000022	0.000003	0.000000	0.000001	0.000000	0.001086	0.000093	0.943378	0.031045	0.000019	0.000004	0.011463	0.002889	0.000000	0.000000	0.000000
30	M	H	0.013415	0.000000	0.000020	0.000005	0.000000	0.000001	0.000000	0.000835	0.000080	0.891280	0.082876	0.000012	0.000003	0.008197	0.003275	0.000000	0.000000	0.000000
31	I	H	0.017570	0.000000	0.000016	0.000008	0.000000	0.000000	0.000000	0.000617	0.000078	0.743681	0.229813	0.000008	0.000002	0.006138	0.002063	0.000000	0.000000	0.000000
32	G	C	0.021545	0.000000	0.000010	0.000014	0.000000	0.000000	0.000000	0.000483	0.000058	0.497763	0.473977	0.000006	0.000002	0.003999	0.002141	0.000000	0.000000	0.000000
33	S	C	0.030105	0.000000	0.000005	0.000019	0.000000	0.000000	0.000000	0.000367	0.000047	0.286496	0.678950	0.000005	0.000002	0.001946	0.002054	0.000000	0.000000	0.000000
34	V	C	0.044138	0.000000	0.000001	0.000023	0.000000	0.000000	0.000000	0.000318	0.000049	0.079174	0.874341	0.000004	0.000002	0.001091	0.000856	0.000000	0.000000	0.000000
35	N	C	0.067152	0.000000	0.000000	0.000024	0.000000	0.000000	0.000000	0.000277	0.000040	0.024379	0.907030	0.000004	0.000001	0.000526	0.000566	0.000000	0.000000	0.000000
36	G	C	0.119289	0.000000	0.000000	0.000023	0.000000	0.000000	0.000000	0.000235	0.000041	0.008098	0.871776	0.000003	0.000001	0.000230	0.000296	0.000000	0.000000	0.000000
37	E	O	0.556820	0.000000	0.000000	0.000017	0.000000	0.000000	0.000000	0.000163	0.000048	0.006687	0.436025	0.000002	0.000002	0.000073	0.000158	0.000000	0.000000	0.000000
38	S	O	0.660613	0.000000	0.000000	0.000016	0.000000	0.000000	0.000000	0.000164	0.000011	0.004625	0.334486	0.000003	0.000001	0.000037	0.000037	0.000000	0.000000	0.000000
39	E	O	0.728728	0.000000	0.000000	0.000015	0.000000	0.000000	0.000000	0.000115	0.000011	0.003276	0.267807	0.000002	0.000001	0.000022	0.000016	0.000000	0.000000	0.000000
40	S	O	0.764928	0.000000	0.000000	0.000014	0.000000	0.000000	0.000000	0.000081	0.000003	0.002095	0.232845	0.000002	0.000000	0.000015	0.000008	0.000000	0.000000	0.000000
41	V	O	0.793511	0.000000	0.000000	0.000013	0.000000	0.000000	0.000000	0.000040	0.000002	0.001255	0.205150	0.000001	0.000000	0.000010	0.000006	0.000000	0.000000	0.000000
42	V	O	0.817213	0.000000	0.000000	0.000013	0.000000	0.000000	0.000000	0.000022	0.000001	0.000492	0.182240	0.000001	0.000000	0.000007	0.000003	0.000000	0.000000	0.000000
43	T	O	0.840981	0.000000	0.000000	0.000012	0.000000	0.000000	0.000000	0.000012	0.000001	0.000144	0.158829	0.000001	0.000000	0.000004	0.000003	0.000000	0.000000	0.000000
44	A	O	0.878324	0.000000	0.000000	0.000010	0.000000	0.000000	0.000000	0.000009	0.000000	0.000034	0.121605	0.000000	0.000000	0.000002	0.000002	0.000000	0.000000	0.000000
45	L	O	0.958607	0.000000	0.000000	0.000005	0.000000	0.000000	0.000000	0.000005	0.000001	0.000022	0.041348	0.000000	0.000000	0.000001	0.000001	0.000000	0.000000	0.000000
46	N	O	0.980513	0.000000	0.000000	0.000003	0.000000	0.000000	0.000000	0.000003	0.000000	0.000010	0.019458	0.000000	0.000000	0.000001	0.000000	0.000000	0.000000	0.000000
47	E	O	0.992645	0.000000	0.000000	0.000002	0.000000	0.000000	0.000000	0.000002	0.000000	0.000006	0.007338	0.000000	0.000000	0.000001	0.000000	0.000000	0.000000	0.000000
48	D	O	0.996905	0.000000	0.000000	0.000001	0.000000	0.000000	0.000000	0.000001	0.000000	0.000004	0.003080	0.000000	0.000000	0.000000	0.000000	0.000000	0.000000	0.000000
49	S	O	0.998743	0.000000	0.000000	0.000001	0.000000	0.000000	0.000000	0.000001	0.000000	0.000002	0.001242	0.000000	0.000000	0.000000	0.000000	0.000000	0.000000	0.000000
50	V	O	0.999474	0.000000	0.000000	0.000000	0.000000	0.000000	0.000000	0.000001	0.000000	0.000002	0.000511	0.000000	0.000000	0.000000	0.000000	0.000000	0.000000	0.000000
51	T	O	0.999772	0.000000	0.000000	0.000000	0.000000	0.000000	0.000000	0.000000	0.000000	0.000001	0.000217	0.000000	0.000000	0.000000	0.000000	0.000000	0.000000	0.000000
52	Y	O	0.999895	0.000000	0.000000	0.000000	0.000000	0.000000	0.000000	0.000000	0.000000	0.000001	0.000091	0.000000	0.000000	0.000000	0.000000	0.000000	0.000000	0.000000
53	T	O	0.999948	0.000000	0.000000	0.000000	0.000000	0.000000	0.000000	0.000000	0.000000	0.000000	0.000039	0.000000	0.000000	0.000000	0.000000	0.000000	0.000000	0.000000
54	D	O	0.999964	0.000000	0.000000	0.000000	0.000000	0.000000	0.000000	0.000000	0.000000	0.000000	0.000017	0.000000	0.000000	0.000000	0.000000	0.000000	0.000000	0.000000
55	D	O	0.999974	0.000000	0.000000	0.000000	0.000000	0.000000	0.000000	0.000000	0.000000	0.000000	0.000008	0.000000	0.000000	0.000000	0.000000	0.000000	0.000000	0.000000
56	A	O	0.999983	0.000000	0.000000	0.000000	0.000000	0.000000	0.000000	0.000000	0.000000	0.000000	0.000004	0.000000	0.000000	0.000000	0.000000	0.000000	0.000000	0.000000
57	T	O	0.999987	0.000000	0.000000	0.000000	0.000000	0.000000	0.000000	0.000000	0.000000	0.000000	0.000002	0.000000	0.000000	0.000000	0.000000	0.000000	0.000000	0.000000
58	D	O	0.999982	0.000000	0.000000	0.000000	0.000000	0.000000	0.000000	0.000000	0.000000	0.000000	0.000001	0.000000	0.000000	0.000000	0.000000	0.000000	0.000000	0.000000
59	S	O	0.999986	0.000000	0.000000	0.000000	0.000000	0.000000	0.000000	0.000000	0.000000	0.000000	0.000000	0.000000	0.000000	0.000000	0.000000	0.000000	0.000000	0.000000
60	E	O	0.999987	0.000000	0.000000	0.000000	0.000000	0.000000	0.000000	0.000000	0.000000	0.000000	0.000000	0.000000	0.000000	0.000000	0.000000	0.000000	0.000000	0.000000
61	T	O	0.999992	0.000000	0.000000	0.000000	0.000000	0.000000	0.000000	0.000000	0.000000	0.000000	0.000000	0.000000	0.000000	0.000000	0.000000	0.000000	0.000000	0.000000
62	G	O	0.999994	0.000000	0.000000	0.000000	0.000000	0.000000	0.000000	0.000000	0.000000	0.000000	0.000000	0.000000	0.000000	0.000000	0.000000	0.000000	0.000000	0.000000
63	G	O	0.999992	0.000000	0.000000	0.000000	0.000000	0.000000	0.000000	0.000000	0.000000	0.000000	0.000000	0.000000	0.000000	0.000000	0.000000	0.000000	0.000000	0.000000
64	D	O	0.999991	0.000000	0.000000	0.000000	0.000000	0.000000	0.000000	0.000000	0.000000	0.000000	0.000000	0.000000	0.000000	0.000000	0.000000	0.000000	0.000000	0.000000
65	P	O	0.999996	0.000000	0.000000	0.000000	0.000000	0.000000	0.000000	0.000000	0.000000	0.000000	0.000001	0.000000	0.000000	0.000000	0.000000	0.000000	0.000000	0.000000
66	Y	O	0.999998	0.000000	0.000000	0.000000	0.000000	0.000000	0.000000	0.000000	0.000000	0.000000	0.000001	0.000000	0.000000	0.000000	0.000000	0.000000	0.000000	0.000000
67	G	O	0.999998	0.000000	0.000000	0.000000	0.000000	0.000000	0.000000	0.000000	0.000000	0.000000	0.000001	0.000000	0.000000	0.000000	0.000000	0.000000	0.000000	0.000000
68	E	O	0.999995	0.000000	0.000000	0.000000	0.000000	0.000000	0.000000	0.000000	0.000000	0.000000	0.000001	0.000000	0.000000	0.000000	0.000000	0.000000	0.000000	0.000000
69	G	O	0.999992	0.000000	0.000000	0.000000	0.000000	0.000000	0.000000	0.000000	0.000000	0.000000	0.000001	0.000000	0.000000	0.000000	0.000000	0.000000	0.000000	0.000000
70	E	O	0.999999	0.000000	0.000000	0.000000	0.000000	0.000000	0.000000	0.000000	0.000000	0.000000	0.000000	0.000000	0.000000	0.000000	0.000000	0.000000	0.000000	0.000000
